153.000,412.181,1003.389,15.880,1.209,965.923,39.967,444647.805,0.000,0.000,0.000,0.000,3.000,3.000,97.970,0.000,0.053,4.379,22.198,0.000,31.462,-0.000,1.488,0.000,0.033,16.023,0.511,0.147,0.000,0.000,0.000,0.000,0.000,0.000,0.000,21.000,2.000,2024.000,16.000,23.000,11.000
153.000,412.181,1003.389,15.880,1.209,965.923,39.967,444647.805,0.000,0.000,0.000,0.000,3.000,3.000,97.996,0.000,0.057,3.992,22.165,0.000,31.427,-0.000,0.027,0.000,0.033,16.012,0.360,0.147,0.000,0.000,0.000,0.000,0.000,0.000,0.000,21.000,2.000,2024.000,16.000,23.000,11.000
153.000,412.146,1003.393,15.880,1.209,965.840,39.965,444629.669,0.000,0.000,0.000,0.000,3.000,3.000,97.997,0.000,0.032,3.932,22.168,0.000,31.441,-0.000,-1.347,0.000,0.033,16.014,0.436,0.147,0.000,0.000,0.000,0.000,0.000,0.000,0.000,21.000,2.000,2024.000,16.000,23.000,11.000
153.000,412.146,1003.393,15.880,1.209,965.840,39.965,444629.669,0.000,0.000,0.000,0.000,3.000,3.000,98.001,0.000,0.009,7.417,22.196,0.000,31.385,-0.000,-2.868,0.000,0.027,16.027,0.419,0.147,0.000,0.000,0.000,0.000,0.000,0.000,0.000,21.000,2.000,2024.000,16.000,23.000,12.000
153.000,412.100,1003.396,15.880,1.209,965.732,39.963,444605.332,0.000,0.000,0.000,0.000,3.000,3.000,97.978,0.000,0.030,8.404,22.196,0.000,31.406,-0.000,2.821,0.000,0.033,16.027,0.252,0.147,0.000,0.000,0.000,0.000,0.000,0.000,0.000,21.000,2.000,2024.000,16.000,23.000,12.000
153.000,412.100,1003.396,15.880,1.209,965.732,39.963,444605.332,0.000,0.000,0.000,0.000,3.000,3.000,97.990,0.000,0.044,3.883,22.197,0.000,31.399,-0.000,1.514,0.000,0.033,16.020,0.436,0.147,0.000,0.000,0.000,0.000,0.000,0.000,0.000,21.000,2.000,2024.000,16.000,23.000,12.000
153.000,412.099,1003.399,15.880,1.209,965.729,39.963,444605.453,0.000,0.000,0.000,0.000,3.000,3.000,97.951,0.000,0.082,5.568,22.197,0.000,31.504,-0.000,-0.009,0.000,0.033,16.020,0.482,0.147,0.000,0.000,0.000,0.000,0.000,0.000,0.000,21.000,2.000,2024.000,16.000,23.000,12.000
153.000,412.099,1003.399,15.880,1.209,965.729,39.963,444605.453,0.000,0.000,0.000,0.000,3.000,3.000,98.012,0.000,0.039,4.270,22.212,0.000,31.437,-0.000,-1.471,0.000,0.033,16.004,0.413,0.147,0.000,0.000,0.000,0.000,0.000,0.000,0.000,21.000,2.000,2024.000,16.000,23.000,12.000
153.000,412.067,1003.400,15.880,1.209,965.654,39.961,444588.281,0.000,0.000,0.000,0.000,3.000,3.000,97.978,0.000,0.040,4.287,22.213,0.000,31.455,-0.000,-2.858,0.000,0.033,16.003,0.344,0.147,0.000,0.000,0.000,0.000,0.000,0.000,0.000,21.000,2.000,2024.000,16.000,23.000,12.000
153.000,412.067,1003.400,15.880,1.209,965.654,39.961,444588.281,0.000,0.000,0.000,0.000,3.000,3.000,98.046,0.000,0.062,4.107,22.198,0.000,31.395,-0.000,2.830,0.000,0.033,16.011,0.525,0.147,0.000,0.000,0.000,0.000,0.000,0.000,0.000,21.000,2.000,2024.000,16.000,23.000,12.000
153.000,412.041,1003.402,15.880,1.209,965.593,39.960,444574.591,0.000,0.000,0.000,0.000,3.000,3.000,98.028,0.000,0.072,3.065,22.194,0.000,31.364,-0.000,1.433,0.000,0.038,16.013,0.499,0.147,0.000,0.000,0.000,0.000,0.000,0.000,0.000,21.000,2.000,2024.000,16.000,23.000,12.000
153.000,412.041,1003.402,15.880,1.209,965.593,39.960,444574.591,0.000,0.000,0.000,0.000,3.000,3.000,98.030,0.000,0.048,6.681,22.195,0.000,31.336,-0.000,0.073,0.000,0.033,16.019,0.453,0.147,0.000,0.000,0.000,0.000,0.000,0.000,0.000,21.000,2.000,2024.000,16.000,23.000,12.000
153.000,412.028,1003.401,15.880,1.209,965.562,39.960,444567.303,0.000,0.000,0.000,0.000,3.000,3.000,98.015,0.000,0.044,8.120,22.195,0.000,31.311,-0.000,-1.424,0.000,0.033,16.022,0.369,0.147,0.000,0.000,0.000,0.000,0.000,0.000,0.000,21.000,2.000,2024.000,16.000,23.000,12.000
153.000,412.028,1003.401,15.880,1.209,965.562,39.960,444567.303,0.000,0.000,0.000,0.000,3.000,3.000,97.983,0.000,0.058,10.815,22.188,0.000,31.465,-0.000,-2.845,0.000,0.033,16.027,0.428,0.147,0.000,0.000,0.000,0.000,0.000,0.000,0.000,21.000,2.000,2024.000,16.000,23.000,13.000
153.000,412.028,1003.401,15.880,1.209,965.562,39.960,444567.303,0.000,0.000,0.000,0.000,3.000,3.000,98.026,0.000,0.073,5.410,22.183,0.000,31.416,-0.000,2.795,0.000,0.033,16.030,0.364,0.147,0.000,0.000,0.000,0.000,0.000,0.000,0.000,21.000,2.000,2024.000,16.000,23.000,13.000
153.000,411.989,1003.395,15.880,1.209,965.470,39.958,444544.773,0.000,0.000,0.000,0.000,3.000,3.000,97.986,0.000,0.034,3.267,22.187,0.000,31.430,-0.000,1.554,0.000,0.033,16.014,0.426,0.147,0.000,0.000,0.000,0.000,0.000,0.000,0.000,21.000,2.000,2024.000,16.000,23.000,13.000
153.000,411.989,1003.395,15.880,1.209,965.470,39.958,444544.773,0.000,0.000,0.000,0.000,3.000,3.000,97.996,0.000,0.052,4.041,22.191,0.000,31.360,-0.000,0.075,0.000,0.033,15.998,0.383,0.147,0.000,0.000,0.000,0.000,0.000,0.000,0.000,21.000,2.000,2024.000,16.000,23.000,13.000
153.000,411.976,1003.391,15.880,1.209,965.439,39.957,444536.820,0.000,0.000,0.000,0.000,3.000,3.000,98.025,0.000,0.047,4.188,22.191,0.000,31.367,-0.000,-1.389,0.000,0.038,16.008,0.412,0.147,0.000,0.000,0.000,0.000,0.000,0.000,0.000,21.000,2.000,2024.000,16.000,23.000,13.000
153.000,411.976,1003.391,15.880,1.209,965.439,39.957,444536.820,0.000,0.000,0.000,0.000,3.000,3.000,97.997,0.000,0.025,3.796,22.191,0.000,31.343,-0.000,-2.918,0.000,0.033,16.024,0.428,0.147,0.000,0.000,0.000,0.000,0.000,0.000,0.000,21.000,2.000,2024.000,16.000,23.000,13.000
153.000,411.998,1003.391,15.880,1.209,965.491,39.958,444548.779,0.000,0.000,0.000,0.000,3.000,3.000,97.993,0.000,0.018,4.063,22.193,0.000,31.427,-0.000,2.712,0.000,0.038,16.020,0.492,0.147,0.000,0.000,0.000,0.000,0.000,0.000,0.000,21.000,2.000,2024.000,16.000,23.000,13.000
153.000,411.998,1003.391,15.880,1.209,965.491,39.958,444548.779,0.000,0.000,0.000,0.000,3.000,3.000,97.999,0.000,0.022,8.241,22.200,0.000,31.402,-0.000,1.524,0.000,0.027,16.009,0.447,0.147,0.000,0.000,0.000,0.000,0.000,0.000,0.000,21.000,2.000,2024.000,16.000,23.000,13.000
153.000,412.002,1003.393,15.880,1.209,965.500,39.958,444551.397,0.000,0.000,0.000,0.000,3.000,3.000,97.967,0.000,0.057,3.889,22.200,0.000,31.357,-0.000,0.037,0.000,0.033,16.014,0.457,0.147,0.000,0.000,0.000,0.000,0.000,0.000,0.000,21.000,2.000,2024.000,16.000,23.000,13.000
153.000,412.002,1003.393,15.880,1.209,965.500,39.958,444551.397,0.000,0.000,0.000,0.000,3.000,3.000,98.032,0.000,0.017,3.539,22.199,0.000,31.360,-0.000,-1.360,0.000,0.033,16.034,0.360,0.147,0.000,0.000,0.000,0.000,0.000,0.000,0.000,21.000,2.000,2024.000,16.000,23.000,13.000
153.000,412.022,1003.395,15.880,1.209,965.548,39.959,444562.712,0.000,0.000,0.000,0.000,3.000,3.000,97.963,0.000,0.060,4.570,22.197,0.000,31.378,-0.000,-2.967,0.000,0.033,16.031,0.537,0.147,0.000,0.000,0.000,0.000,0.000,0.000,0.000,21.000,2.000,2024.000,16.000,23.000,14.000
153.000,412.022,1003.395,15.880,1.209,965.548,39.959,444562.712,0.000,0.000,0.000,0.000,3.000,3.000,97.997,0.000,0.045,4.052,22.184,0.000,31.441,-0.000,2.889,0.000,0.027,16.004,0.275,0.147,0.000,0.000,0.000,0.000,0.000,0.000,0.000,21.000,2.000,2024.000,16.000,23.000,14.000
153.000,412.022,1003.395,15.880,1.209,965.548,39.959,444562.712,0.000,0.000,0.000,0.000,3.000,3.000,97.999,0.000,0.039,3.425,22.184,0.000,31.427,-0.000,1.578,0.000,0.033,16.004,0.356,0.147,0.000,0.000,0.000,0.000,0.000,0.000,0.000,21.000,2.000,2024.000,16.000,23.000,14.000
153.000,412.042,1003.398,15.880,1.209,965.595,39.960,444574.248,0.000,0.000,0.000,0.000,3.000,3.000,97.984,0.000,0.042,6.343,22.183,0.000,31.406,-0.000,-0.052,0.000,0.033,15.990,0.423,0.147,0.000,0.000,0.000,0.000,0.000,0.000,0.000,21.000,2.000,2024.000,16.000,23.000,14.000
153.000,412.042,1003.398,15.880,1.209,965.595,39.960,444574.248,0.000,0.000,0.000,0.000,3.000,3.000,98.003,0.000,0.032,9.566,22.183,0.000,31.472,-0.000,-1.416,0.000,0.027,15.990,0.468,0.147,0.000,0.000,0.000,0.000,0.000,0.000,0.000,21.000,2.000,2024.000,16.000,23.000,14.000
153.000,412.078,1003.399,15.880,1.209,965.680,39.962,444594.038,0.000,0.000,0.000,0.000,3.000,3.000,98.001,0.000,0.037,4.499,22.186,0.000,31.420,-0.000,-2.886,0.000,0.038,15.990,0.453,0.147,0.000,0.000,0.000,0.000,0.000,0.000,0.000,21.000,2.000,2024.000,16.000,23.000,14.000
153.000,412.078,1003.399,15.880,1.209,965.680,39.962,444594.038,0.000,0.000,0.000,0.000,3.000,3.000,97.996,0.000,0.074,3.747,22.186,0.000,31.388,-0.000,2.843,0.000,0.027,15.990,0.299,0.147,0.000,0.000,0.000,0.000,0.000,0.000,0.000,21.000,2.000,2024.000,16.000,23.000,14.000
153.000,412.081,1003.403,15.880,1.209,965.687,39.962,444596.555,0.000,0.000,0.000,0.000,3.000,3.000,98.002,0.000,0.060,5.361,22.178,0.000,31.301,-0.000,1.453,0.000,0.033,15.995,0.412,0.147,0.000,0.000,0.000,0.000,0.000,0.000,0.000,21.000,2.000,2024.000,16.000,23.000,14.000
153.000,412.081,1003.403,15.880,1.209,965.687,39.962,444596.555,0.000,0.000,0.000,0.000,3.000,3.000,97.985,0.000,0.014,4.156,22.176,0.000,31.385,-0.000,-0.054,0.000,0.027,15.996,0.421,0.147,0.000,0.000,0.000,0.000,0.000,0.000,0.000,21.000,2.000,2024.000,16.000,23.000,14.000
153.000,412.062,1003.401,15.880,1.209,965.642,39.961,444585.784,0.000,0.000,0.000,0.000,3.000,3.000,97.946,0.000,0.094,4.368,22.162,0.000,31.423,-0.000,-1.491,0.000,0.033,16.012,0.453,0.147,0.000,0.000,0.000,0.000,0.000,0.000,0.000,21.000,2.000,2024.000,16.000,23.000,14.000
153.000,412.062,1003.401,15.880,1.209,965.642,39.961,444585.784,0.000,0.000,0.000,0.000,3.000,3.000,97.981,0.000,0.047,8.710,22.157,0.000,31.525,-0.000,-2.438,0.000,0.033,16.019,1.441,0.147,0.000,0.000,0.000,0.000,0.000,0.000,0.000,21.000,2.000,2024.000,16.000,23.000,15.000
153.000,412.082,1003.404,15.880,1.209,965.689,39.962,444597.320,0.000,0.000,0.000,0.000,3.000,3.000,97.964,0.000,0.042,7.133,22.158,0.000,31.360,-0.000,2.938,0.000,0.033,16.011,0.548,0.147,0.000,0.000,0.000,0.000,0.000,0.000,0.000,21.000,2.000,2024.000,16.000,23.000,15.000
153.000,412.082,1003.404,15.880,1.209,965.689,39.962,444597.320,0.000,0.000,0.000,0.000,3.000,3.000,98.035,0.000,0.045,3.392,22.159,0.000,31.402,-0.000,1.399,0.000,0.027,16.006,0.406,0.147,0.000,0.000,0.000,0.000,0.000,0.000,0.000,21.000,2.000,2024.000,16.000,23.000,15.000
153.000,412.082,1003.404,15.880,1.209,965.689,39.962,444597.320,0.000,0.000,0.000,0.000,3.000,3.000,98.005,0.000,0.050,4.439,22.174,0.000,31.434,-0.000,-0.056,0.000,0.033,16.004,0.370,0.147,0.000,0.000,0.000,0.000,0.000,0.000,0.000,21.000,2.000,2024.000,16.000,23.000,15.000
153.000,412.081,1003.407,15.880,1.209,965.687,39.962,444597.441,0.000,0.000,0.000,0.000,3.000,3.000,98.020,0.000,0.026,5.001,22.190,0.000,31.402,-0.000,-1.475,0.000,0.033,16.003,0.398,0.147,0.000,0.000,0.000,0.000,0.000,0.000,0.000,21.000,2.000,2024.000,16.000,23.000,15.000
153.000,412.081,1003.407,15.880,1.209,965.687,39.962,444597.441,0.000,0.000,0.000,0.000,3.000,3.000,98.015,0.000,0.037,3.719,22.194,0.000,31.420,-0.000,-2.810,0.000,0.033,16.007,0.295,0.147,0.000,0.000,0.000,0.000,0.000,0.000,0.000,21.000,2.000,2024.000,16.000,23.000,15.000
153.000,412.072,1003.410,15.880,1.209,965.666,39.961,444593.214,0.000,0.000,0.000,0.000,3.000,3.000,98.003,0.000,0.030,4.068,22.199,0.000,31.399,-0.000,2.944,0.000,0.033,16.012,0.470,0.147,0.000,0.000,0.000,0.000,0.000,0.000,0.000,21.000,2.000,2024.000,16.000,23.000,15.000
153.000,412.072,1003.410,15.880,1.209,965.666,39.961,444593.214,0.000,0.000,0.000,0.000,3.000,3.000,98.009,0.000,0.060,8.699,22.193,0.000,31.371,-0.000,1.396,0.000,0.033,16.008,0.359,0.147,0.000,0.000,0.000,0.000,0.000,0.000,0.000,21.000,2.000,2024.000,16.000,23.000,15.000
153.000,412.063,1003.408,15.880,1.209,965.644,39.961,444587.879,0.000,0.000,0.000,0.000,3.000,3.000,98.018,0.000,0.056,8.579,22.180,0.000,31.402,-0.000,-0.050,0.000,0.027,16.001,0.471,0.147,0.000,0.000,0.000,0.000,0.000,0.000,0.000,21.000,2.000,2024.000,16.000,23.000,15.000
153.000,412.063,1003.408,15.880,1.209,965.644,39.961,444587.879,0.000,0.000,0.000,0.000,3.000,3.000,98.007,0.000,0.027,4.777,22.173,0.000,31.430,-0.000,-1.440,0.000,0.033,16.004,0.416,0.147,0.000,0.000,0.000,0.000,0.000,0.000,0.000,21.000,2.000,2024.000,16.000,23.000,15.000
153.000,412.066,1003.406,15.880,1.209,965.652,39.961,444589.066,0.000,0.000,0.000,0.000,3.000,3.000,98.000,0.000,0.026,5.192,22.144,0.000,31.374,-0.000,-2.514,0.000,0.033,16.016,1.424,0.147,0.000,0.000,0.000,0.000,0.000,0.000,0.000,21.000,2.000,2024.000,16.000,23.000,16.000
153.000,412.066,1003.406,15.880,1.209,965.652,39.961,444589.066,0.000,0.000,0.000,0.000,3.000,3.000,97.994,0.000,0.033,3.992,22.144,0.000,31.402,-0.000,2.845,0.000,0.033,16.016,0.378,0.147,0.000,0.000,0.000,0.000,0.000,0.000,0.000,21.000,2.000,2024.000,16.000,23.000,16.000
153.000,412.071,1003.402,15.880,1.209,965.663,39.962,444590.898,0.000,0.000,0.000,0.000,3.000,3.000,98.006,0.000,0.045,3.834,22.147,0.000,31.430,-0.000,1.516,0.000,0.033,16.018,0.399,0.147,0.000,0.000,0.000,0.000,0.000,0.000,0.000,21.000,2.000,2024.000,16.000,23.000,16.000
153.000,412.071,1003.402,15.880,1.209,965.663,39.962,444590.898,0.000,0.000,0.000,0.000,3.000,3.000,97.956,0.000,0.062,5.617,22.147,0.000,31.420,-0.000,-0.078,0.000,0.038,16.018,0.406,0.147,0.000,0.000,0.000,0.000,0.000,0.000,0.000,21.000,2.000,2024.000,16.000,23.000,16.000
153.000,412.071,1003.402,15.880,1.209,965.663,39.962,444590.898,0.000,0.000,0.000,0.000,3.000,3.000,98.040,0.000,0.058,8.033,22.159,0.000,31.364,-0.000,-1.446,0.000,0.033,15.995,0.491,0.147,0.000,0.000,0.000,0.000,0.000,0.000,0.000,21.000,2.000,2024.000,16.000,23.000,16.000
153.000,412.075,1003.400,15.880,1.209,965.673,39.962,444592.629,0.000,0.000,0.000,0.000,3.000,3.000,98.014,0.000,0.035,7.559,22.159,0.000,31.353,-0.000,-2.885,0.000,0.027,15.995,0.340,0.147,0.000,0.000,0.000,0.000,0.000,0.000,0.000,21.000,2.000,2024.000,16.000,23.000,16.000
153.000,412.075,1003.400,15.880,1.209,965.673,39.962,444592.629,0.000,0.000,0.000,0.000,3.000,3.000,97.984,0.000,0.029,4.210,22.166,0.000,31.374,-0.000,2.939,0.000,0.033,15.991,0.422,0.147,0.000,0.000,0.000,0.000,0.000,0.000,0.000,21.000,2.000,2024.000,16.000,23.000,16.000
153.000,412.076,1003.402,15.880,1.209,965.675,39.962,444593.616,0.000,0.000,0.000,0.000,3.000,3.000,98.021,0.000,0.024,4.957,22.167,0.000,31.360,-0.000,1.398,0.000,0.033,15.990,0.442,0.147,0.000,0.000,0.000,0.000,0.000,0.000,0.000,21.000,2.000,2024.000,16.000,23.000,16.000
153.000,412.076,1003.402,15.880,1.209,965.675,39.962,444593.616,0.000,0.000,0.000,0.000,3.000,3.000,97.998,0.000,0.042,5.732,22.149,0.000,31.434,-0.000,0.049,0.000,0.027,16.008,0.477,0.147,0.000,0.000,0.000,0.000,0.000,0.000,0.000,21.000,2.000,2024.000,16.000,23.000,16.000
153.000,412.087,1003.405,15.880,1.209,965.701,39.962,444600.259,0.000,0.000,0.000,0.000,3.000,3.000,97.989,0.000,0.045,5.519,22.145,0.000,31.388,-0.000,-1.397,0.000,0.033,16.012,0.479,0.147,0.000,0.000,0.000,0.000,0.000,0.000,0.000,21.000,2.000,2024.000,16.000,23.000,16.000
153.000,412.087,1003.405,15.880,1.209,965.701,39.962,444600.259,0.000,0.000,0.000,0.000,3.000,3.000,98.009,0.000,0.028,4.396,22.136,0.000,31.343,-0.000,-2.923,0.000,0.027,16.006,0.452,0.147,0.000,0.000,0.000,0.000,0.000,0.000,0.000,21.000,2.000,2024.000,16.000,23.000,17.000
153.000,412.106,1003.408,15.880,1.209,965.746,39.963,444611.251,0.000,0.000,0.000,0.000,3.000,3.000,97.988,0.000,0.067,10.558,22.132,0.000,31.399,-0.000,2.980,0.000,0.033,16.003,0.320,0.147,0.000,0.000,0.000,0.000,0.000,0.000,0.000,21.000,2.000,2024.000,16.000,23.000,17.000
153.000,412.106,1003.408,15.880,1.209,965.746,39.963,444611.251,0.000,0.000,0.000,0.000,3.000,3.000,97.986,0.000,0.048,6.583,22.151,0.000,31.441,-0.000,1.502,0.000,0.027,16.008,0.415,0.147,0.000,0.000,0.000,0.000,0.000,0.000,0.000,21.000,2.000,2024.000,16.000,23.000,17.000
153.000,412.102,1003.410,15.880,1.209,965.737,39.963,444609.520,0.000,0.000,0.000,0.000,3.000,3.000,97.963,0.000,0.021,4.614,22.164,0.000,31.458,-0.000,-0.067,0.000,0.033,16.012,0.418,0.147,0.000,0.000,0.000,0.000,0.000,0.000,0.000,21.000,2.000,2024.000,16.000,23.000,17.000
153.000,412.102,1003.410,15.880,1.209,965.737,39.963,444609.520,0.000,0.000,0.000,0.000,3.000,3.000,98.002,0.000,0.020,4.270,22.159,0.000,31.378,-0.000,-1.433,0.000,0.033,16.011,0.415,0.147,0.000,0.000,0.000,0.000,0.000,0.000,0.000,21.000,2.000,2024.000,16.000,23.000,17.000
153.000,412.102,1003.410,15.880,1.209,965.737,39.963,444609.520,0.000,0.000,0.000,0.000,3.000,3.000,97.990,0.000,0.039,3.823,22.155,0.000,31.378,-0.000,-2.391,0.000,0.033,16.010,1.389,0.147,0.000,0.000,0.000,0.000,0.000,0.000,0.000,21.000,2.000,2024.000,16.000,23.000,17.000
153.000,412.086,1003.411,15.880,1.209,965.699,39.962,444601.045,0.000,0.000,0.000,0.000,3.000,3.000,97.992,0.000,0.070,3.638,22.157,0.000,31.472,-0.000,2.883,0.000,0.033,16.005,0.455,0.147,0.000,0.000,0.000,0.000,0.000,0.000,0.000,21.000,2.000,2024.000,16.000,23.000,17.000
153.000,412.086,1003.411,15.880,1.209,965.699,39.962,444601.045,0.000,0.000,0.000,0.000,3.000,3.000,98.019,0.000,0.047,7.057,22.160,0.000,31.406,-0.000,1.417,0.000,0.033,15.998,0.439,0.147,0.000,0.000,0.000,0.000,0.000,0.000,0.000,21.000,2.000,2024.000,16.000,23.000,17.000
153.000,412.061,1003.411,15.880,1.209,965.640,39.961,444587.456,0.000,0.000,0.000,0.000,3.000,3.000,97.999,0.000,0.052,11.049,22.156,0.000,31.434,-0.000,-0.095,0.000,0.027,16.000,0.463,0.147,0.000,0.000,0.000,0.000,0.000,0.000,0.000,21.000,2.000,2024.000,16.000,23.000,17.000
153.000,412.061,1003.411,15.880,1.209,965.640,39.961,444587.456,0.000,0.000,0.000,0.000,3.000,3.000,97.974,0.000,0.013,5.361,22.146,0.000,31.395,-0.000,-1.569,0.000,0.033,16.005,0.401,0.147,0.000,0.000,0.000,0.000,0.000,0.000,0.000,21.000,2.000,2024.000,16.000,23.000,17.000
153.000,412.049,1003.412,15.880,1.209,965.611,39.960,444581.155,0.000,0.000,0.000,0.000,3.000,3.000,98.010,0.000,0.027,2.989,22.148,0.000,31.430,-0.000,-2.420,0.000,0.033,16.004,1.431,0.147,0.000,0.000,0.000,0.000,0.000,0.000,0.000,21.000,2.000,2024.000,16.000,23.000,18.000
153.000,412.049,1003.412,15.880,1.209,965.611,39.960,444581.155,0.000,0.000,0.000,0.000,3.000,3.000,98.025,0.000,0.028,5.274,22.158,0.000,31.427,-0.000,2.896,0.000,0.038,15.999,0.388,0.147,0.000,0.000,0.000,0.000,0.000,0.000,0.000,21.000,2.000,2024.000,16.000,23.000,18.000
153.000,412.040,1003.409,15.880,1.209,965.590,39.960,444575.598,0.000,0.000,0.000,0.000,3.000,3.000,97.990,0.000,0.052,3.856,22.157,0.000,31.392,-0.000,1.512,0.000,0.027,15.999,0.378,0.147,0.000,0.000,0.000,0.000,0.000,0.000,0.000,21.000,2.000,2024.000,16.000,23.000,18.000
153.000,412.040,1003.409,15.880,1.209,965.590,39.960,444575.598,0.000,0.000,0.000,0.000,3.000,3.000,98.005,0.000,0.033,3.152,22.150,0.000,31.395,-0.000,-0.046,0.000,0.033,15.998,0.452,0.147,0.000,0.000,0.000,0.000,0.000,0.000,0.000,21.000,2.000,2024.000,16.000,23.000,18.000
153.000,412.039,1003.410,15.880,1.209,965.588,39.960,444575.276,0.000,0.000,0.000,0.000,3.000,3.000,97.986,0.000,0.045,7.128,22.150,0.000,31.399,-0.000,-1.507,0.000,0.033,15.998,0.454,0.147,0.000,0.000,0.000,0.000,0.000,0.000,0.000,21.000,2.000,2024.000,16.000,23.000,18.000
153.000,412.039,1003.410,15.880,1.209,965.588,39.960,444575.276,0.000,0.000,0.000,0.000,3.000,3.000,97.946,0.000,0.037,10.444,22.146,0.000,31.385,-0.000,-2.599,0.000,0.033,16.012,0.679,0.147,0.000,0.000,0.000,0.000,0.000,0.000,0.000,21.000,2.000,2024.000,16.000,23.000,18.000
153.000,412.027,1003.410,15.880,1.209,965.559,39.959,444568.753,0.000,0.000,0.000,0.000,3.000,3.000,98.045,0.000,0.023,6.354,22.146,0.000,31.451,-0.000,2.775,0.000,0.038,16.012,0.440,0.147,0.000,0.000,0.000,0.000,0.000,0.000,0.000,21.000,2.000,2024.000,16.000,23.000,18.000
153.000,412.027,1003.410,15.880,1.209,965.559,39.959,444568.753,0.000,0.000,0.000,0.000,3.000,3.000,98.024,0.000,0.025,2.661,22.144,0.000,31.360,-0.000,1.402,0.000,0.033,16.018,0.366,0.147,0.000,0.000,0.000,0.000,0.000,0.000,0.000,21.000,2.000,2024.000,16.000,23.000,18.000
153.000,412.027,1003.410,15.880,1.209,965.559,39.959,444568.753,0.000,0.000,0.000,0.000,3.000,3.000,98.033,0.000,0.018,4.150,22.144,0.000,31.381,-0.000,-0.069,0.000,0.033,16.018,0.463,0.147,0.000,0.000,0.000,0.000,0.000,0.000,0.000,21.000,2.000,2024.000,16.000,23.000,18.000
153.000,412.022,1003.409,15.880,1.209,965.548,39.959,444565.813,0.000,0.000,0.000,0.000,3.000,3.000,98.003,0.000,0.010,5.230,22.152,0.000,31.392,-0.000,-1.456,0.000,0.033,15.995,0.408,0.147,0.000,0.000,0.000,0.000,0.000,0.000,0.000,21.000,2.000,2024.000,16.000,23.000,18.000
153.000,412.022,1003.409,15.880,1.209,965.548,39.959,444565.813,0.000,0.000,0.000,0.000,3.000,3.000,97.972,0.000,0.054,4.679,22.154,0.000,31.378,-0.000,-2.799,0.000,0.027,15.989,0.348,0.147,0.000,0.000,0.000,0.000,0.000,0.000,0.000,21.000,2.000,2024.000,16.000,23.000,19.000
153.000,412.017,1003.410,15.880,1.209,965.536,39.959,444563.317,0.000,0.000,0.000,0.000,3.000,3.000,98.041,0.000,0.084,3.141,22.141,0.000,31.360,-0.000,2.869,0.000,0.033,16.008,0.425,0.147,0.000,0.000,0.000,0.000,0.000,0.000,0.000,21.000,2.000,2024.000,16.000,23.000,19.000
153.000,412.017,1003.410,15.880,1.209,965.536,39.959,444563.317,0.000,0.000,0.000,0.000,3.000,3.000,97.938,0.000,0.066,5.874,22.136,0.000,31.413,-0.000,1.502,0.000,0.033,16.016,0.444,0.147,0.000,0.000,0.000,0.000,0.000,0.000,0.000,21.000,2.000,2024.000,16.000,23.000,19.000
153.000,412.016,1003.405,15.880,1.209,965.533,39.959,444561.666,0.000,0.000,0.000,0.000,3.000,3.000,98.018,0.000,0.053,8.824,22.139,0.000,31.353,-0.000,-0.041,0.000,0.027,16.002,0.425,0.147,0.000,0.000,0.000,0.000,0.000,0.000,0.000,21.000,2.000,2024.000,16.000,23.000,19.000
153.000,412.016,1003.405,15.880,1.209,965.533,39.959,444561.666,0.000,0.000,0.000,0.000,3.000,3.000,97.990,0.000,0.046,4.439,22.141,0.000,31.385,-0.000,-1.523,0.000,0.033,15.992,0.406,0.147,0.000,0.000,0.000,0.000,0.000,0.000,0.000,21.000,2.000,2024.000,16.000,23.000,19.000
153.000,412.050,1003.403,15.880,1.209,965.614,39.961,444579.704,0.000,0.000,0.000,0.000,3.000,3.000,97.999,0.000,0.046,2.830,22.128,0.000,31.472,-0.000,-2.770,0.000,0.033,16.004,0.375,0.147,0.000,0.000,0.000,0.000,0.000,0.000,0.000,21.000,2.000,2024.000,16.000,23.000,19.000
153.000,412.050,1003.403,15.880,1.209,965.614,39.961,444579.704,0.000,0.000,0.000,0.000,3.000,3.000,97.948,0.000,0.026,4.096,22.114,0.000,31.406,-0.000,2.979,0.000,0.033,16.016,0.498,0.147,0.000,0.000,0.000,0.000,0.000,0.000,0.000,21.000,2.000,2024.000,16.000,23.000,19.000
153.000,412.051,1003.400,15.880,1.209,965.616,39.961,444579.583,0.000,0.000,0.000,0.000,3.000,3.000,98.009,0.000,0.055,3.850,22.123,0.000,31.441,-0.000,1.316,0.000,0.027,16.006,0.437,0.147,0.000,0.000,0.000,0.000,0.000,0.000,0.000,21.000,2.000,2024.000,16.000,23.000,19.000
153.000,412.051,1003.400,15.880,1.209,965.616,39.961,444579.583,0.000,0.000,0.000,0.000,3.000,3.000,98.010,0.000,0.058,3.338,22.138,0.000,31.427,-0.000,-0.049,0.000,0.033,15.991,0.440,0.147,0.000,0.000,0.000,0.000,0.000,0.000,0.000,21.000,2.000,2024.000,16.000,23.000,19.000
153.000,412.051,1003.400,15.880,1.209,965.616,39.961,444579.583,0.000,0.000,0.000,0.000,3.000,3.000,98.035,0.000,0.056,7.990,22.142,0.000,31.448,-0.000,-1.496,0.000,0.027,15.995,0.346,0.147,0.000,0.000,0.000,0.000,0.000,0.000,0.000,21.000,2.000,2024.000,16.000,23.000,19.000
153.000,412.069,1003.401,15.880,1.209,965.659,39.962,444589.589,0.000,0.000,0.000,0.000,3.000,3.000,98.000,0.000,0.030,10.422,22.151,0.000,31.413,-0.000,-2.469,0.000,0.033,16.004,1.404,0.147,0.000,0.000,0.000,0.000,0.000,0.000,0.000,21.000,2.000,2024.000,16.000,23.000,20.000
153.000,412.069,1003.401,15.880,1.209,965.659,39.962,444589.589,0.000,0.000,0.000,0.000,3.000,3.000,98.009,0.000,0.088,6.255,22.150,0.000,31.427,-0.000,2.888,0.000,0.038,16.006,0.331,0.147,0.000,0.000,0.000,0.000,0.000,0.000,0.000,21.000,2.000,2024.000,16.000,23.000,20.000
153.000,412.046,1003.400,15.880,1.209,965.604,39.960,444576.866,0.000,0.000,0.000,0.000,3.000,3.000,98.017,0.000,0.034,2.678,22.143,0.000,31.444,-0.000,1.492,0.000,0.027,16.014,0.415,0.147,0.000,0.000,0.000,0.000,0.000,0.000,0.000,21.000,2.000,2024.000,16.000,23.000,20.000
153.000,412.046,1003.400,15.880,1.209,965.604,39.960,444576.866,0.000,0.000,0.000,0.000,3.000,3.000,98.004,0.000,0.064,5.775,22.142,0.000,31.423,-0.000,-0.049,0.000,0.033,16.016,0.391,0.147,0.000,0.000,0.000,0.000,0.000,0.000,0.000,21.000,2.000,2024.000,16.000,23.000,20.000
153.000,412.041,1003.401,15.880,1.209,965.593,39.960,444574.369,0.000,0.000,0.000,0.000,3.000,3.000,98.029,0.000,0.033,5.617,22.128,0.000,31.441,-0.000,-1.443,0.000,0.027,16.034,0.366,0.147,0.000,0.000,0.000,0.000,0.000,0.000,0.000,21.000,2.000,2024.000,16.000,23.000,20.000
153.000,412.041,1003.401,15.880,1.209,965.593,39.960,444574.369,0.000,0.000,0.000,0.000,3.000,3.000,98.010,0.000,0.029,3.588,22.128,0.000,31.350,-0.000,-2.578,0.000,0.027,16.034,1.366,0.147,0.000,0.000,0.000,0.000,0.000,0.000,0.000,21.000,2.000,2024.000,16.000,23.000,20.000
153.000,412.033,1003.395,15.880,1.209,965.574,39.960,444568.691,0.000,0.000,0.000,0.000,3.000,3.000,97.992,0.000,0.030,5.966,22.138,0.000,31.392,-0.000,2.893,0.000,0.033,15.997,0.279,0.147,0.000,0.000,0.000,0.000,0.000,0.000,0.000,21.000,2.000,2024.000,16.000,23.000,20.000
153.000,412.033,1003.395,15.880,1.209,965.574,39.960,444568.691,0.000,0.000,0.000,0.000,3.000,3.000,97.959,0.000,0.033,10.907,22.138,0.000,31.423,-0.000,1.514,0.000,0.033,15.997,0.435,0.147,0.000,0.000,0.000,0.000,0.000,0.000,0.000,21.000,2.000,2024.000,16.000,23.000,20.000
153.000,412.019,1003.392,15.880,1.209,965.541,39.959,444560.417,0.000,0.000,0.000,0.000,3.000,3.000,97.981,0.000,0.027,4.859,22.125,0.000,31.395,-0.000,-0.065,0.000,0.033,16.021,0.494,0.147,0.000,0.000,0.000,0.000,0.000,0.000,0.000,21.000,2.000,2024.000,16.000,23.000,20.000
153.000,412.019,1003.392,15.880,1.209,965.541,39.959,444560.417,0.000,0.000,0.000,0.000,3.000,3.000,97.986,0.000,0.036,2.498,22.123,0.000,31.420,-0.000,-1.489,0.000,0.027,16.024,0.402,0.147,0.000,0.000,0.000,0.000,0.000,0.000,0.000,21.000,2.000,2024.000,16.000,23.000,20.000
153.000,412.019,1003.392,15.880,1.209,965.541,39.959,444560.417,0.000,0.000,0.000,0.000,3.000,3.000,97.985,0.000,0.077,4.221,22.126,0.000,31.374,-0.000,-2.424,0.000,0.038,16.001,1.423,0.147,0.000,0.000,0.000,0.000,0.000,0.000,0.000,21.000,2.000,2024.000,16.000,23.000,21.000
153.000,412.020,1003.391,15.880,1.209,965.543,39.959,444560.739,0.000,0.000,0.000,0.000,3.000,3.000,98.030,0.000,0.062,3.218,22.127,0.000,31.283,-0.000,2.897,0.000,0.027,15.995,0.434,0.147,0.000,0.000,0.000,0.000,0.000,0.000,0.000,21.000,2.000,2024.000,16.000,23.000,21.000
153.000,412.020,1003.391,15.880,1.209,965.543,39.959,444560.739,0.000,0.000,0.000,0.000,3.000,3.000,98.024,0.000,0.043,3.959,22.135,0.000,31.378,-0.000,1.424,0.000,0.027,15.997,0.391,0.147,0.000,0.000,0.000,0.000,0.000,0.000,0.000,21.000,2.000,2024.000,16.000,23.000,21.000
153.000,412.043,1003.388,15.880,1.209,965.597,39.961,444572.576,0.000,0.000,0.000,0.000,3.000,3.000,98.009,0.000,0.043,8.562,22.139,0.000,31.374,-0.000,-0.056,0.000,0.033,15.997,0.371,0.147,0.000,0.000,0.000,0.000,0.000,0.000,0.000,21.000,2.000,2024.000,16.000,23.000,21.000
153.000,412.043,1003.388,15.880,1.209,965.597,39.961,444572.576,0.000,0.000,0.000,0.000,3.000,3.000,97.995,0.000,0.034,10.351,22.130,0.000,31.364,-0.000,-1.556,0.000,0.033,16.005,0.459,0.147,0.000,0.000,0.000,0.000,0.000,0.000,0.000,21.000,2.000,2024.000,16.000,23.000,21.000
153.000,412.036,1003.390,15.880,1.209,965.581,39.960,444569.214,0.000,0.000,0.000,0.000,3.000,3.000,97.999,0.000,0.033,2.111,22.124,0.000,31.378,-0.000,-2.866,0.000,0.033,16.010,0.298,0.147,0.000,0.000,0.000,0.000,0.000,0.000,0.000,21.000,2.000,2024.000,16.000,23.000,21.000
153.000,412.036,1003.390,15.880,1.209,965.581,39.960,444569.214,0.000,0.000,0.000,0.000,3.000,3.000,97.958,0.000,0.032,2.961,22.112,0.000,31.371,-0.000,3.026,0.000,0.033,16.022,0.430,0.147,0.000,0.000,0.000,0.000,0.000,0.000,0.000,21.000,2.000,2024.000,16.000,23.000,21.000
153.000,412.067,1003.393,15.880,1.209,965.654,39.962,444586.730,0.000,0.000,0.000,0.000,3.000,3.000,97.990,0.000,0.033,4.777,22.101,0.000,31.413,-0.000,1.383,0.000,0.038,16.033,0.476,0.147,0.000,0.000,0.000,0.000,0.000,0.000,0.000,21.000,2.000,2024.000,16.000,23.000,21.000
153.000,412.067,1003.393,15.880,1.209,965.654,39.962,444586.730,0.000,0.000,0.000,0.000,3.000,3.000,97.995,0.000,0.017,4.314,22.112,0.000,31.392,-0.000,-0.060,0.000,0.033,16.027,0.388,0.147,0.000,0.000,0.000,0.000,0.000,0.000,0.000,21.000,2.000,2024.000,16.000,23.000,21.000
153.000,412.092,1003.394,15.880,1.209,965.713,39.963,444600.540,0.000,0.000,0.000,0.000,3.000,3.000,98.019,0.000,0.074,5.388,22.128,0.000,31.360,-0.000,-1.458,0.000,0.033,16.017,0.320,0.147,0.000,0.000,0.000,0.000,0.000,0.000,0.000,21.000,2.000,2024.000,16.000,23.000,21.000
153.000,412.092,1003.394,15.880,1.209,965.713,39.963,444600.540,0.000,0.000,0.000,0.000,3.000,3.000,97.976,0.000,0.050,8.988,22.119,0.000,31.395,-0.000,-2.645,0.000,0.027,16.013,0.458,0.147,0.000,0.000,0.000,0.000,0.000,0.000,0.000,21.000,2.000,2024.000,16.000,23.000,22.000
153.000,412.092,1003.394,15.880,1.209,965.713,39.963,444600.540,0.000,0.000,0.000,0.000,3.000,3.000,97.986,0.000,0.014,9.391,22.098,0.000,31.409,-0.000,2.909,0.000,0.038,16.004,0.398,0.147,0.000,0.000,0.000,0.000,0.000,0.000,0.000,21.000,2.000,2024.000,16.000,23.000,22.000
153.000,412.104,1003.392,15.880,1.209,965.741,39.963,444606.619,0.000,0.000,0.000,0.000,3.000,3.000,98.032,0.000,0.028,3.332,22.104,0.000,31.392,-0.000,1.358,0.000,0.027,16.003,0.501,0.147,0.000,0.000,0.000,0.000,0.000,0.000,0.000,21.000,2.000,2024.000,16.000,23.000,22.000
153.000,412.104,1003.392,15.880,1.209,965.741,39.963,444606.619,0.000,0.000,0.000,0.000,3.000,3.000,97.984,0.000,0.058,3.158,22.129,0.000,31.385,-0.000,-0.106,0.000,0.033,16.001,0.461,0.147,0.000,0.000,0.000,0.000,0.000,0.000,0.000,21.000,2.000,2024.000,16.000,23.000,22.000
153.000,412.113,1003.393,15.880,1.209,965.763,39.964,444611.733,0.000,0.000,0.000,0.000,3.000,3.000,97.976,0.000,0.045,4.488,22.127,0.000,31.395,-0.000,-1.553,0.000,0.033,16.001,0.460,0.147,0.000,0.000,0.000,0.000,0.000,0.000,0.000,21.000,2.000,2024.000,16.000,23.000,22.000
153.000,412.113,1003.393,15.880,1.209,965.763,39.964,444611.733,0.000,0.000,0.000,0.000,3.000,3.000,98.035,0.000,0.066,3.905,22.113,0.000,31.374,-0.000,-2.673,0.000,0.038,16.001,0.281,0.147,0.000,0.000,0.000,0.000,0.000,0.000,0.000,21.000,2.000,2024.000,16.000,23.000,22.000
153.000,412.121,1003.391,15.880,1.209,965.781,39.964,444615.638,0.000,0.000,0.000,0.000,3.000,3.000,98.015,0.000,0.072,3.212,22.113,0.000,31.395,-0.000,2.818,0.000,0.033,16.001,0.541,0.147,0.000,0.000,0.000,0.000,0.000,0.000,0.000,21.000,2.000,2024.000,16.000,23.000,22.000
153.000,412.121,1003.391,15.880,1.209,965.781,39.964,444615.638,0.000,0.000,0.000,0.000,3.000,3.000,97.977,0.000,0.072,3.550,22.104,0.000,31.420,-0.000,1.413,0.000,0.033,16.007,0.394,0.147,0.000,0.000,0.000,0.000,0.000,0.000,0.000,21.000,2.000,2024.000,16.000,23.000,22.000
153.000,412.145,1003.390,15.880,1.209,965.838,39.965,444628.461,0.000,0.000,0.000,0.000,3.000,3.000,98.024,0.000,0.093,8.044,22.104,0.000,31.276,-0.000,-0.095,0.000,0.033,16.007,0.395,0.147,0.000,0.000,0.000,0.000,0.000,0.000,0.000,21.000,2.000,2024.000,16.000,23.000,22.000
153.000,412.145,1003.390,15.880,1.209,965.838,39.965,444628.461,0.000,0.000,0.000,0.000,3.000,3.000,98.033,0.000,0.039,10.193,22.127,0.000,31.336,-0.000,-1.463,0.000,0.033,16.013,0.430,0.147,0.000,0.000,0.000,0.000,0.000,0.000,0.000,21.000,2.000,2024.000,16.000,23.000,22.000
153.000,412.159,1003.390,15.880,1.209,965.871,39.966,444636.070,0.000,0.000,0.000,0.000,3.000,3.000,98.003,0.000,0.039,3.185,22.130,0.000,31.402,-0.000,-2.890,0.000,0.027,16.014,0.346,0.147,0.000,0.000,0.000,0.000,0.000,0.000,0.000,21.000,2.000,2024.000,16.000,23.000,23.000
153.000,412.159,1003.390,15.880,1.209,965.871,39.966,444636.070,0.000,0.000,0.000,0.000,3.000,3.000,97.974,0.000,0.062,2.781,22.107,0.000,31.360,-0.000,3.013,0.000,0.033,16.011,0.379,0.147,0.000,0.000,0.000,0.000,0.000,0.000,0.000,21.000,2.000,2024.000,16.000,23.000,23.000
153.000,412.159,1003.390,15.880,1.209,965.871,39.966,444636.070,0.000,0.000,0.000,0.000,3.000,3.000,97.966,0.000,0.041,5.705,22.101,0.000,31.465,-0.000,1.433,0.000,0.033,16.010,0.481,0.147,0.000,0.000,0.000,0.000,0.000,0.000,0.000,21.000,2.000,2024.000,16.000,23.000,23.000
153.000,412.173,1003.391,15.880,1.209,965.904,39.967,444643.900,0.000,0.000,0.000,0.000,3.000,3.000,97.976,0.000,0.053,4.052,22.116,0.000,31.381,-0.000,-0.102,0.000,0.033,16.011,0.501,0.147,0.000,0.000,0.000,0.000,0.000,0.000,0.000,21.000,2.000,2024.000,16.000,23.000,23.000
153.000,412.173,1003.391,15.880,1.209,965.904,39.967,444643.900,0.000,0.000,0.000,0.000,3.000,3.000,97.978,0.000,0.037,5.192,22.122,0.000,31.416,-0.000,-1.602,0.000,0.033,16.012,0.489,0.147,0.000,0.000,0.000,0.000,0.000,0.000,0.000,21.000,2.000,2024.000,16.000,23.000,23.000
153.000,412.165,1003.392,15.880,1.209,965.885,39.966,444639.774,0.000,0.000,0.000,0.000,3.000,3.000,97.998,0.000,0.047,9.457,22.113,0.000,31.462,-0.000,-2.421,0.000,0.033,16.009,0.751,0.147,0.000,0.000,0.000,0.000,0.000,0.000,0.000,21.000,2.000,2024.000,16.000,23.000,23.000
153.000,412.165,1003.392,15.880,1.209,965.885,39.966,444639.774,0.000,0.000,0.000,0.000,3.000,3.000,97.996,0.000,0.064,9.408,22.107,0.000,31.458,-0.000,2.836,0.000,0.027,16.008,0.531,0.147,0.000,0.000,0.000,0.000,0.000,0.000,0.000,21.000,2.000,2024.000,16.000,23.000,23.000
153.000,412.157,1003.391,15.880,1.209,965.866,39.966,444635.204,0.000,0.000,0.000,0.000,3.000,3.000,98.031,0.000,0.069,10.585,22.099,0.000,31.430,-0.000,1.459,0.000,0.033,16.007,0.472,0.147,0.000,0.000,0.000,0.000,0.000,0.000,0.000,21.000,2.000,2024.000,16.000,23.000,23.000
153.000,412.157,1003.391,15.880,1.209,965.866,39.966,444635.204,0.000,0.000,0.000,0.000,3.000,3.000,97.965,0.000,0.033,6.915,22.092,0.000,31.423,-0.000,-0.137,0.000,0.033,16.007,0.471,0.147,0.000,0.000,0.000,0.000,0.000,0.000,0.000,21.000,2.000,2024.000,16.000,23.000,23.000
153.000,412.151,1003.389,15.880,1.209,965.852,39.966,444631.500,0.000,0.000,0.000,0.000,3.000,3.000,97.989,0.000,0.041,3.152,22.096,0.000,31.437,-0.000,-1.612,0.000,0.033,16.010,0.410,0.147,0.000,0.000,0.000,0.000,0.000,0.000,0.000,21.000,2.000,2024.000,16.000,23.000,23.000
153.000,412.151,1003.389,15.880,1.209,965.852,39.966,444631.500,0.000,0.000,0.000,0.000,3.000,3.000,97.988,0.000,0.064,5.077,22.102,0.000,31.336,-0.000,-2.397,0.000,0.033,16.013,0.845,0.147,0.000,0.000,0.000,0.000,0.000,0.000,0.000,21.000,2.000,2024.000,16.000,23.000,24.000
153.000,412.193,1003.389,15.880,1.209,965.951,39.968,444654.327,0.000,0.000,0.000,0.000,3.000,3.000,98.010,0.000,0.018,3.719,22.101,0.000,31.430,-0.000,2.890,0.000,0.033,16.014,0.391,0.147,0.000,0.000,0.000,0.000,0.000,0.000,0.000,21.000,2.000,2024.000,16.000,23.000,24.000
153.000,412.193,1003.389,15.880,1.209,965.951,39.968,444654.327,0.000,0.000,0.000,0.000,3.000,3.000,98.038,0.000,0.044,4.674,22.098,0.000,31.343,-0.000,1.402,0.000,0.022,16.017,0.399,0.147,0.000,0.000,0.000,0.000,0.000,0.000,0.000,21.000,2.000,2024.000,16.000,23.000,24.000
153.000,412.193,1003.389,15.880,1.209,965.951,39.968,444654.327,0.000,0.000,0.000,0.000,3.000,3.000,98.021,0.000,0.037,7.701,22.098,0.000,31.399,-0.000,-0.090,0.000,0.033,16.013,0.444,0.147,0.000,0.000,0.000,0.000,0.000,0.000,0.000,21.000,2.000,2024.000,16.000,23.000,24.000
153.000,412.191,1003.387,15.880,1.209,965.947,39.968,444652.797,0.000,0.000,0.000,0.000,3.000,3.000,97.947,0.000,0.037,9.969,22.097,0.000,31.423,-0.000,-1.547,0.000,0.027,15.998,0.446,0.147,0.000,0.000,0.000,0.000,0.000,0.000,0.000,21.000,2.000,2024.000,16.000,23.000,24.000
153.000,412.191,1003.387,15.880,1.209,965.947,39.968,444652.797,0.000,0.000,0.000,0.000,3.000,3.000,98.015,0.000,0.052,10.760,22.098,0.000,31.364,-0.000,-2.571,0.000,0.033,16.000,0.568,0.147,0.000,0.000,0.000,0.000,0.000,0.000,0.000,21.000,2.000,2024.000,16.000,23.000,24.000
153.000,412.194,1003.387,15.880,1.209,965.954,39.968,444654.427,0.000,0.000,0.000,0.000,3.000,3.000,97.982,0.000,0.039,3.409,22.100,0.000,31.360,-0.000,2.895,0.000,0.033,16.020,0.497,0.147,0.000,0.000,0.000,0.000,0.000,0.000,0.000,21.000,2.000,2024.000,16.000,23.000,24.000
153.000,412.194,1003.387,15.880,1.209,965.954,39.968,444654.427,0.000,0.000,0.000,0.000,3.000,3.000,98.018,0.000,0.023,2.836,22.100,0.000,31.392,-0.000,1.314,0.000,0.033,16.020,0.410,0.147,0.000,0.000,0.000,0.000,0.000,0.000,0.000,21.000,2.000,2024.000,16.000,23.000,24.000
153.000,412.223,1003.384,15.880,1.209,966.022,39.969,444669.523,0.000,0.000,0.000,0.000,3.000,3.000,97.957,0.000,0.022,4.570,22.082,0.000,31.360,-0.000,-0.077,0.000,0.033,15.991,0.449,0.147,0.000,0.000,0.000,0.000,0.000,0.000,0.000,21.000,2.000,2024.000,16.000,23.000,24.000
153.000,412.223,1003.384,15.880,1.209,966.022,39.969,444669.523,0.000,0.000,0.000,0.000,3.000,3.000,98.023,0.000,0.066,3.627,22.082,0.000,31.346,-0.000,-1.597,0.000,0.033,15.991,0.432,0.147,0.000,0.000,0.000,0.000,0.000,0.000,0.000,21.000,2.000,2024.000,16.000,23.000,24.000
153.000,412.233,1003.383,15.880,1.209,966.046,39.970,444674.736,0.000,0.000,0.000,0.000,3.000,3.000,98.000,0.000,0.049,3.463,22.098,0.000,31.360,-0.000,-2.321,0.000,0.038,15.996,1.517,0.147,0.000,0.000,0.000,0.000,0.000,0.000,0.000,21.000,2.000,2024.000,16.000,23.000,25.000
153.000,412.233,1003.383,15.880,1.209,966.046,39.970,444674.736,0.000,0.000,0.000,0.000,3.000,3.000,97.998,0.000,0.036,3.627,22.100,0.000,31.437,-0.000,2.821,0.000,0.033,15.996,0.535,0.147,0.000,0.000,0.000,0.000,0.000,0.000,0.000,21.000,2.000,2024.000,16.000,23.000,25.000
153.000,412.262,1003.381,15.880,1.209,966.114,39.971,444690.053,0.000,0.000,0.000,0.000,3.000,3.000,97.988,0.000,0.034,6.326,22.096,0.000,31.413,-0.000,1.425,0.000,0.033,16.004,0.373,0.147,0.000,0.000,0.000,0.000,0.000,0.000,0.000,21.000,2.000,2024.000,16.000,23.000,25.000
153.000,412.262,1003.381,15.880,1.209,966.114,39.971,444690.053,0.000,0.000,0.000,0.000,3.000,3.000,98.005,0.000,0.033,11.322,22.095,0.000,31.371,-0.000,-0.126,0.000,0.027,16.006,0.389,0.147,0.000,0.000,0.000,0.000,0.000,0.000,0.000,21.000,2.000,2024.000,16.000,23.000,25.000
153.000,412.262,1003.381,15.880,1.209,966.114,39.971,444690.053,0.000,0.000,0.000,0.000,3.000,3.000,97.981,0.000,0.043,6.141,22.070,0.000,31.423,-0.000,-1.571,0.000,0.033,16.011,0.519,0.147,0.000,0.000,0.000,0.000,0.000,0.000,0.000,21.000,2.000,2024.000,16.000,23.000,25.000
153.000,412.284,1003.380,15.880,1.209,966.166,39.972,444701.786,0.000,0.000,0.000,0.000,3.000,3.000,98.032,0.000,0.015,3.861,22.059,0.000,31.455,-0.000,-2.517,0.000,0.038,16.013,0.708,0.147,0.000,0.000,0.000,0.000,0.000,0.000,0.000,21.000,2.000,2024.000,16.000,23.000,25.000
153.000,412.284,1003.380,15.880,1.209,966.166,39.972,444701.786,0.000,0.000,0.000,0.000,3.000,3.000,98.012,0.000,0.027,5.361,22.069,0.000,31.402,-0.000,2.742,0.000,0.027,16.010,0.373,0.147,0.000,0.000,0.000,0.000,0.000,0.000,0.000,21.000,2.000,2024.000,16.000,23.000,25.000
153.000,412.289,1003.383,15.880,1.209,966.178,39.973,444705.168,0.000,0.000,0.000,0.000,3.000,3.000,98.021,0.000,0.034,3.774,22.076,0.000,31.388,-0.000,1.360,0.000,0.038,16.007,0.456,0.147,0.000,0.000,0.000,0.000,0.000,0.000,0.000,21.000,2.000,2024.000,16.000,23.000,25.000
153.000,412.289,1003.383,15.880,1.209,966.178,39.973,444705.168,0.000,0.000,0.000,0.000,3.000,3.000,98.023,0.000,0.066,3.414,22.082,0.000,31.399,-0.000,-0.085,0.000,0.033,16.010,0.476,0.147,0.000,0.000,0.000,0.000,0.000,0.000,0.000,21.000,2.000,2024.000,16.000,23.000,25.000
153.000,412.294,1003.383,15.880,1.209,966.190,39.973,444707.885,0.000,0.000,0.000,0.000,3.000,3.000,97.980,0.000,0.015,8.050,22.087,0.000,31.423,-0.000,-1.500,0.000,0.033,16.014,0.413,0.147,0.000,0.000,0.000,0.000,0.000,0.000,0.000,21.000,2.000,2024.000,16.000,23.000,25.000
153.000,412.294,1003.383,15.880,1.209,966.190,39.973,444707.885,0.000,0.000,0.000,0.000,3.000,3.000,98.003,0.000,0.072,11.131,22.088,0.000,31.437,-0.000,-2.665,0.000,0.038,16.012,0.416,0.147,0.000,0.000,0.000,0.000,0.000,0.000,0.000,21.000,2.000,2024.000,16.000,23.000,26.000
153.000,412.287,1003.384,15.880,1.209,966.173,39.973,444704.303,0.000,0.000,0.000,0.000,3.000,3.000,98.014,0.000,0.043,3.796,22.089,0.000,31.367,-0.000,2.895,0.000,0.033,16.010,0.459,0.147,0.000,0.000,0.000,0.000,0.000,0.000,0.000,21.000,2.000,2024.000,16.000,23.000,26.000
153.000,412.287,1003.384,15.880,1.209,966.173,39.973,444704.303,0.000,0.000,0.000,0.000,3.000,3.000,97.971,0.000,0.063,2.470,22.089,0.000,31.381,-0.000,1.396,0.000,0.033,16.003,0.464,0.147,0.000,0.000,0.000,0.000,0.000,0.000,0.000,21.000,2.000,2024.000,16.000,23.000,26.000
153.000,412.289,1003.385,15.880,1.209,966.178,39.973,444705.612,0.000,0.000,0.000,0.000,3.000,3.000,98.041,0.000,0.040,4.603,22.087,0.000,31.367,-0.000,-0.147,0.000,0.033,15.989,0.463,0.147,0.000,0.000,0.000,0.000,0.000,0.000,0.000,21.000,2.000,2024.000,16.000,23.000,26.000
153.000,412.289,1003.385,15.880,1.209,966.178,39.973,444705.612,0.000,0.000,0.000,0.000,3.000,3.000,98.008,0.000,0.035,3.158,22.088,0.000,31.357,-0.000,-1.469,0.000,0.033,15.995,0.418,0.147,0.000,0.000,0.000,0.000,0.000,0.000,0.000,21.000,2.000,2024.000,16.000,23.000,26.000
153.000,412.289,1003.385,15.880,1.209,966.178,39.973,444705.612,0.000,0.000,0.000,0.000,3.000,3.000,97.993,0.000,0.045,3.965,22.090,0.000,31.395,-0.000,-2.368,0.000,0.033,16.019,1.394,0.147,0.000,0.000,0.000,0.000,0.000,0.000,0.000,21.000,2.000,2024.000,16.000,23.000,26.000
153.000,412.285,1003.385,15.880,1.209,966.169,39.972,444703.438,0.000,0.000,0.000,0.000,3.000,3.000,97.982,0.000,0.040,7.308,22.088,0.000,31.381,-0.000,2.902,0.000,0.033,16.018,0.383,0.147,0.000,0.000,0.000,0.000,0.000,0.000,0.000,21.000,2.000,2024.000,16.000,23.000,26.000
153.000,412.285,1003.385,15.880,1.209,966.169,39.972,444703.438,0.000,0.000,0.000,0.000,3.000,3.000,98.025,0.000,0.039,9.822,22.073,0.000,31.381,-0.000,1.463,0.000,0.033,16.007,0.383,0.147,0.000,0.000,0.000,0.000,0.000,0.000,0.000,21.000,2.000,2024.000,16.000,23.000,26.000
153.000,412.328,1003.386,15.880,1.209,966.270,39.974,444727.026,0.000,0.000,0.000,0.000,3.000,3.000,98.006,0.000,0.044,5.192,22.073,0.000,31.360,-0.000,-0.011,0.000,0.033,16.007,0.396,0.147,0.000,0.000,0.000,0.000,0.000,0.000,0.000,21.000,2.000,2024.000,16.000,23.000,26.000
153.000,412.328,1003.386,15.880,1.209,966.270,39.974,444727.026,0.000,0.000,0.000,0.000,3.000,3.000,98.005,0.000,0.045,9.462,22.083,0.000,31.437,-0.000,-1.496,0.000,0.033,16.010,0.399,0.147,0.000,0.000,0.000,0.000,0.000,0.000,0.000,21.000,2.000,2024.000,16.000,23.000,26.000
153.000,412.348,1003.387,15.880,1.209,966.317,39.975,444738.115,0.000,0.000,0.000,0.000,3.000,3.000,98.027,0.000,0.046,3.043,22.083,0.000,31.448,-0.000,-2.793,0.000,0.027,16.010,0.421,0.147,0.000,0.000,0.000,0.000,0.000,0.000,0.000,21.000,2.000,2024.000,16.000,23.000,27.000
153.000,412.348,1003.387,15.880,1.209,966.317,39.975,444738.115,0.000,0.000,0.000,0.000,3.000,3.000,98.007,0.000,0.022,3.147,22.089,0.000,31.392,-0.000,2.918,0.000,0.027,16.011,0.454,0.147,0.000,0.000,0.000,0.000,0.000,0.000,0.000,21.000,2.000,2024.000,16.000,23.000,27.000
153.000,412.345,1003.389,15.880,1.209,966.310,39.975,444736.928,0.000,0.000,0.000,0.000,3.000,3.000,97.969,0.000,0.024,4.210,22.090,0.000,31.430,-0.000,1.443,0.000,0.033,16.011,0.448,0.147,0.000,0.000,0.000,0.000,0.000,0.000,0.000,21.000,2.000,2024.000,16.000,23.000,27.000
153.000,412.345,1003.389,15.880,1.209,966.310,39.975,444736.928,0.000,0.000,0.000,0.000,3.000,3.000,97.964,0.000,0.048,3.360,22.069,0.000,31.353,-0.000,-0.042,0.000,0.033,15.999,0.461,0.147,0.000,0.000,0.000,0.000,0.000,0.000,0.000,21.000,2.000,2024.000,16.000,23.000,27.000
153.000,412.355,1003.390,15.880,1.209,966.334,39.976,444742.584,0.000,0.000,0.000,0.000,3.000,3.000,98.003,0.000,0.062,6.904,22.063,0.000,31.420,-0.000,-1.515,0.000,0.038,15.996,0.485,0.147,0.000,0.000,0.000,0.000,0.000,0.000,0.000,21.000,2.000,2024.000,16.000,23.000,27.000
153.000,412.355,1003.390,15.880,1.209,966.334,39.976,444742.584,0.000,0.000,0.000,0.000,3.000,3.000,98.014,0.000,0.036,9.871,22.072,0.000,31.357,-0.000,-2.704,0.000,0.033,15.998,0.403,0.147,0.000,0.000,0.000,0.000,0.000,0.000,0.000,21.000,2.000,2024.000,16.000,23.000,27.000
153.000,412.355,1003.390,15.880,1.209,966.334,39.976,444742.584,0.000,0.000,0.000,0.000,3.000,3.000,98.005,0.000,0.055,3.638,22.076,0.000,31.402,-0.000,2.838,0.000,0.033,15.999,0.498,0.147,0.000,0.000,0.000,0.000,0.000,0.000,0.000,21.000,2.000,2024.000,16.000,23.000,27.000
153.000,412.369,1003.392,15.880,1.209,966.367,39.976,444750.634,0.000,0.000,0.000,0.000,3.000,3.000,98.019,0.000,0.046,2.449,22.073,0.000,31.402,-0.000,1.478,0.000,0.033,16.003,0.432,0.147,0.000,0.000,0.000,0.000,0.000,0.000,0.000,21.000,2.000,2024.000,16.000,23.000,27.000
153.000,412.369,1003.392,15.880,1.209,966.367,39.976,444750.634,0.000,0.000,0.000,0.000,3.000,3.000,97.981,0.000,0.026,4.739,22.071,0.000,31.381,-0.000,-0.103,0.000,0.027,16.006,0.477,0.147,0.000,0.000,0.000,0.000,0.000,0.000,0.000,21.000,2.000,2024.000,16.000,23.000,27.000
153.000,412.399,1003.393,15.880,1.209,966.438,39.978,444767.156,0.000,0.000,0.000,0.000,3.000,3.000,98.017,0.000,0.028,4.079,22.070,0.000,31.385,-0.000,-1.477,0.000,0.027,16.008,0.406,0.147,0.000,0.000,0.000,0.000,0.000,0.000,0.000,21.000,2.000,2024.000,16.000,23.000,27.000
153.000,412.399,1003.393,15.880,1.209,966.438,39.978,444767.156,0.000,0.000,0.000,0.000,3.000,3.000,98.046,0.000,0.049,3.010,22.070,0.000,31.350,-0.000,-2.520,0.000,0.033,16.009,1.460,0.147,0.000,0.000,0.000,0.000,0.000,0.000,0.000,21.000,2.000,2024.000,16.000,23.000,28.000
153.000,412.404,1003.393,15.880,1.209,966.450,39.978,444769.873,0.000,0.000,0.000,0.000,3.000,3.000,97.968,0.000,0.037,6.234,22.077,0.000,31.420,-0.000,2.980,0.000,0.033,16.007,0.487,0.147,0.000,0.000,0.000,0.000,0.000,0.000,0.000,21.000,2.000,2024.000,16.000,23.000,28.000
153.000,412.404,1003.393,15.880,1.209,966.450,39.978,444769.873,0.000,0.000,0.000,0.000,3.000,3.000,97.977,0.000,0.058,10.187,22.087,0.000,31.465,-0.000,1.420,0.000,0.038,16.002,0.469,0.147,0.000,0.000,0.000,0.000,0.000,0.000,0.000,21.000,2.000,2024.000,16.000,23.000,28.000
153.000,412.400,1003.393,15.880,1.209,966.440,39.978,444767.700,0.000,0.000,0.000,0.000,3.000,3.000,97.961,0.000,0.028,6.948,22.077,0.000,31.420,-0.000,-0.060,0.000,0.038,16.000,0.451,0.147,0.000,0.000,0.000,0.000,0.000,0.000,0.000,21.000,2.000,2024.000,16.000,23.000,28.000
153.000,412.400,1003.393,15.880,1.209,966.440,39.978,444767.700,0.000,0.000,0.000,0.000,3.000,3.000,98.007,0.000,0.057,2.890,22.053,0.000,31.430,-0.000,-1.562,0.000,0.038,15.995,0.377,0.147,0.000,0.000,0.000,0.000,0.000,0.000,0.000,21.000,2.000,2024.000,16.000,23.000,28.000
153.000,412.409,1003.397,15.880,1.209,966.461,39.978,444773.476,0.000,0.000,0.000,0.000,3.000,3.000,98.064,0.000,0.026,4.690,22.053,0.000,31.381,-0.000,-2.737,0.000,0.038,15.995,0.311,0.147,0.000,0.000,0.000,0.000,0.000,0.000,0.000,21.000,2.000,2024.000,16.000,23.000,28.000
153.000,412.409,1003.397,15.880,1.209,966.461,39.978,444773.476,0.000,0.000,0.000,0.000,3.000,3.000,97.989,0.000,0.014,3.741,22.054,0.000,31.416,-0.000,2.976,0.000,0.033,15.993,0.349,0.147,0.000,0.000,0.000,0.000,0.000,0.000,0.000,21.000,2.000,2024.000,16.000,23.000,28.000
153.000,412.409,1003.397,15.880,1.209,966.461,39.978,444773.476,0.000,0.000,0.000,0.000,3.000,3.000,98.003,0.000,0.028,3.245,22.056,0.000,31.423,-0.000,1.436,0.000,0.033,15.996,0.474,0.147,0.000,0.000,0.000,0.000,0.000,0.000,0.000,21.000,2.000,2024.000,16.000,23.000,28.000
153.000,412.380,1003.400,15.880,1.209,966.393,39.977,444758.384,0.000,0.000,0.000,0.000,3.000,3.000,98.001,0.000,0.028,8.633,22.075,0.000,31.441,-0.000,-0.009,0.000,0.033,16.018,0.434,0.147,0.000,0.000,0.000,0.000,0.000,0.000,0.000,21.000,2.000,2024.000,16.000,23.000,28.000
153.000,412.380,1003.400,15.880,1.209,966.393,39.977,444758.384,0.000,0.000,0.000,0.000,3.000,3.000,97.999,0.000,0.043,10.962,22.075,0.000,31.357,-0.000,-1.473,0.000,0.033,16.018,0.399,0.147,0.000,0.000,0.000,0.000,0.000,0.000,0.000,21.000,2.000,2024.000,16.000,23.000,28.000
153.000,412.359,1003.399,15.880,1.209,966.343,39.976,444746.752,0.000,0.000,0.000,0.000,3.000,3.000,97.985,0.000,0.052,5.486,22.059,0.000,31.367,-0.000,-2.763,0.000,0.038,16.005,0.387,0.147,0.000,0.000,0.000,0.000,0.000,0.000,0.000,21.000,2.000,2024.000,16.000,23.000,29.000
153.000,412.359,1003.399,15.880,1.209,966.343,39.976,444746.752,0.000,0.000,0.000,0.000,3.000,3.000,97.978,0.000,0.071,2.661,22.059,0.000,31.458,-0.000,2.926,0.000,0.033,16.005,0.492,0.147,0.000,0.000,0.000,0.000,0.000,0.000,0.000,21.000,2.000,2024.000,16.000,23.000,29.000
153.000,412.348,1003.403,15.880,1.209,966.317,39.975,444741.661,0.000,0.000,0.000,0.000,3.000,3.000,97.962,0.000,0.032,5.476,22.074,0.000,31.381,-0.000,1.464,0.000,0.033,16.021,0.470,0.147,0.000,0.000,0.000,0.000,0.000,0.000,0.000,21.000,2.000,2024.000,16.000,23.000,29.000
153.000,412.348,1003.403,15.880,1.209,966.317,39.975,444741.661,0.000,0.000,0.000,0.000,3.000,3.000,97.995,0.000,0.023,4.450,22.075,0.000,31.423,-0.000,-0.053,0.000,0.027,16.023,0.461,0.147,0.000,0.000,0.000,0.000,0.000,0.000,0.000,21.000,2.000,2024.000,16.000,23.000,29.000
153.000,412.319,1003.403,15.880,1.209,966.249,39.974,444725.903,0.000,0.000,0.000,0.000,3.000,3.000,97.979,0.000,0.038,4.739,22.056,0.000,31.448,-0.000,-1.522,0.000,0.038,16.030,0.403,0.147,0.000,0.000,0.000,0.000,0.000,0.000,0.000,21.000,2.000,2024.000,16.000,23.000,29.000
153.000,412.319,1003.403,15.880,1.209,966.249,39.974,444725.903,0.000,0.000,0.000,0.000,3.000,3.000,97.994,0.000,0.071,9.064,22.051,0.000,31.462,-0.000,-2.548,0.000,0.033,16.032,0.674,0.147,0.000,0.000,0.000,0.000,0.000,0.000,0.000,21.000,2.000,2024.000,16.000,23.000,29.000
153.000,412.277,1003.405,15.880,1.209,966.150,39.972,444703.522,0.000,0.000,0.000,0.000,3.000,3.000,97.993,0.000,0.084,5.683,22.070,0.000,31.514,-0.000,2.919,0.000,0.038,16.006,0.513,0.147,0.000,0.000,0.000,0.000,0.000,0.000,0.000,21.000,2.000,2024.000,16.000,23.000,29.000
153.000,412.277,1003.405,15.880,1.209,966.150,39.972,444703.522,0.000,0.000,0.000,0.000,3.000,3.000,98.048,0.000,0.065,2.536,22.078,0.000,31.441,-0.000,1.316,0.000,0.038,15.995,0.435,0.147,0.000,0.000,0.000,0.000,0.000,0.000,0.000,21.000,2.000,2024.000,16.000,23.000,29.000
153.000,412.277,1003.405,15.880,1.209,966.150,39.972,444703.522,0.000,0.000,0.000,0.000,3.000,3.000,98.018,0.000,0.027,2.918,22.057,0.000,31.381,-0.000,-0.070,0.000,0.033,16.004,0.400,0.147,0.000,0.000,0.000,0.000,0.000,0.000,0.000,21.000,2.000,2024.000,16.000,23.000,29.000
153.000,412.270,1003.407,15.880,1.209,966.133,39.971,444700.162,0.000,0.000,0.000,0.000,3.000,3.000,98.002,0.000,0.045,6.086,22.043,0.000,31.385,-0.000,-1.478,0.000,0.033,16.010,0.422,0.147,0.000,0.000,0.000,0.000,0.000,0.000,0.000,21.000,2.000,2024.000,16.000,23.000,29.000
153.000,412.270,1003.407,15.880,1.209,966.133,39.971,444700.162,0.000,0.000,0.000,0.000,3.000,3.000,97.966,0.000,0.051,4.347,22.050,0.000,31.462,-0.000,-2.661,0.000,0.027,16.015,0.655,0.147,0.000,0.000,0.000,0.000,0.000,0.000,0.000,21.000,2.000,2024.000,16.000,23.000,30.000
153.000,412.239,1003.409,15.880,1.209,966.060,39.970,444683.758,0.000,0.000,0.000,0.000,3.000,3.000,97.981,0.000,0.020,3.561,22.056,0.000,31.402,-0.000,2.865,0.000,0.038,16.021,0.424,0.147,0.000,0.000,0.000,0.000,0.000,0.000,0.000,21.000,2.000,2024.000,16.000,23.000,30.000
153.000,412.239,1003.409,15.880,1.209,966.060,39.970,444683.758,0.000,0.000,0.000,0.000,3.000,3.000,98.032,0.000,0.025,4.554,22.056,0.000,31.367,-0.000,1.367,0.000,0.033,16.019,0.429,0.147,0.000,0.000,0.000,0.000,0.000,0.000,0.000,21.000,2.000,2024.000,16.000,23.000,30.000
153.000,412.231,1003.413,15.880,1.209,966.041,39.969,444680.297,0.000,0.000,0.000,0.000,3.000,3.000,97.990,0.000,0.041,9.048,22.056,0.000,31.364,-0.000,-0.111,0.000,0.033,16.017,0.473,0.147,0.000,0.000,0.000,0.000,0.000,0.000,0.000,21.000,2.000,2024.000,16.000,23.000,30.000
153.000,412.231,1003.413,15.880,1.209,966.041,39.969,444680.297,0.000,0.000,0.000,0.000,3.000,3.000,97.976,0.000,0.028,10.438,22.059,0.000,31.385,-0.000,-1.571,0.000,0.027,16.016,0.448,0.147,0.000,0.000,0.000,0.000,0.000,0.000,0.000,21.000,2.000,2024.000,16.000,23.000,30.000
153.000,412.211,1003.413,15.880,1.209,965.994,39.968,444669.427,0.000,0.000,0.000,0.000,3.000,3.000,97.996,0.000,0.037,4.439,22.064,0.000,31.448,-0.000,-2.463,0.000,0.027,16.013,0.817,0.147,0.000,0.000,0.000,0.000,0.000,0.000,0.000,21.000,2.000,2024.000,16.000,23.000,30.000
153.000,412.211,1003.413,15.880,1.209,965.994,39.968,444669.427,0.000,0.000,0.000,0.000,3.000,3.000,97.974,0.000,0.019,8.339,22.061,0.000,31.395,-0.000,2.874,0.000,0.033,16.014,0.440,0.147,0.000,0.000,0.000,0.000,0.000,0.000,0.000,21.000,2.000,2024.000,16.000,23.000,30.000
153.000,412.194,1003.414,15.880,1.209,965.954,39.967,444660.410,0.000,0.000,0.000,0.000,3.000,3.000,98.050,0.000,0.016,3.174,22.050,0.000,31.434,-0.000,1.359,0.000,0.033,16.017,0.404,0.147,0.000,0.000,0.000,0.000,0.000,0.000,0.000,21.000,2.000,2024.000,16.000,23.000,30.000
153.000,412.194,1003.414,15.880,1.209,965.954,39.967,444660.410,0.000,0.000,0.000,0.000,3.000,3.000,98.008,0.000,0.029,4.794,22.050,0.000,31.399,-0.000,-0.078,0.000,0.033,16.016,0.484,0.147,0.000,0.000,0.000,0.000,0.000,0.000,0.000,21.000,2.000,2024.000,16.000,23.000,30.000
153.000,412.194,1003.414,15.880,1.209,965.954,39.967,444660.410,0.000,0.000,0.000,0.000,3.000,3.000,97.968,0.000,0.013,5.170,22.052,0.000,31.406,-0.000,-1.603,0.000,0.027,16.006,0.511,0.147,0.000,0.000,0.000,0.000,0.000,0.000,0.000,21.000,2.000,2024.000,16.000,23.000,30.000
153.000,412.194,1003.417,15.880,1.209,965.954,39.967,444661.075,0.000,0.000,0.000,0.000,3.000,3.000,98.019,0.000,0.033,4.216,22.052,0.000,31.416,-0.000,-2.230,0.000,0.027,16.006,1.449,0.147,0.000,0.000,0.000,0.000,0.000,0.000,0.000,21.000,2.000,2024.000,16.000,23.000,31.000
153.000,412.194,1003.417,15.880,1.209,965.954,39.967,444661.075,0.000,0.000,0.000,0.000,3.000,3.000,97.967,0.000,0.042,3.365,22.053,0.000,31.392,-0.000,2.904,0.000,0.033,16.007,0.377,0.147,0.000,0.000,0.000,0.000,0.000,0.000,0.000,21.000,2.000,2024.000,16.000,23.000,31.000
153.000,412.199,1003.420,15.880,1.209,965.966,39.967,444664.457,0.000,0.000,0.000,0.000,3.000,3.000,98.037,0.000,0.026,6.288,22.053,0.000,31.395,-0.000,1.309,0.000,0.033,16.007,0.383,0.147,0.000,0.000,0.000,0.000,0.000,0.000,0.000,21.000,2.000,2024.000,16.000,23.000,31.000
153.000,412.199,1003.420,15.880,1.209,965.966,39.967,444664.457,0.000,0.000,0.000,0.000,3.000,3.000,97.992,0.000,0.028,10.177,22.038,0.000,31.392,-0.000,-0.035,0.000,0.027,15.997,0.436,0.147,0.000,0.000,0.000,0.000,0.000,0.000,0.000,21.000,2.000,2024.000,16.000,23.000,31.000
153.000,412.201,1003.421,15.880,1.209,965.970,39.968,444665.765,0.000,0.000,0.000,0.000,3.000,3.000,97.985,0.000,0.047,8.219,22.036,0.000,31.420,-0.000,-1.631,0.000,0.033,15.996,0.402,0.147,0.000,0.000,0.000,0.000,0.000,0.000,0.000,21.000,2.000,2024.000,16.000,23.000,31.000
153.000,412.201,1003.421,15.880,1.209,965.970,39.968,444665.765,0.000,0.000,0.000,0.000,3.000,3.000,97.982,0.000,0.041,3.201,22.053,0.000,31.378,-0.000,-2.456,0.000,0.033,16.014,0.901,0.147,0.000,0.000,0.000,0.000,0.000,0.000,0.000,21.000,2.000,2024.000,16.000,23.000,31.000
153.000,412.244,1003.422,15.880,1.209,966.072,39.970,444689.356,0.000,0.000,0.000,0.000,3.000,3.000,98.041,0.000,0.050,3.954,22.057,0.000,31.416,-0.000,2.817,0.000,0.033,16.018,0.375,0.147,0.000,0.000,0.000,0.000,0.000,0.000,0.000,21.000,2.000,2024.000,16.000,23.000,31.000
153.000,412.244,1003.422,15.880,1.209,966.072,39.970,444689.356,0.000,0.000,0.000,0.000,3.000,3.000,98.036,0.000,0.050,3.490,22.056,0.000,31.336,-0.000,1.412,0.000,0.033,16.003,0.429,0.147,0.000,0.000,0.000,0.000,0.000,0.000,0.000,21.000,2.000,2024.000,16.000,23.000,31.000
153.000,412.244,1003.423,15.880,1.209,966.072,39.970,444689.578,0.000,0.000,0.000,0.000,3.000,3.000,97.998,0.000,0.041,2.771,22.055,0.000,31.357,-0.000,-0.086,0.000,0.033,15.996,0.446,0.147,0.000,0.000,0.000,0.000,0.000,0.000,0.000,21.000,2.000,2024.000,16.000,23.000,31.000
153.000,412.244,1003.423,15.880,1.209,966.072,39.970,444689.578,0.000,0.000,0.000,0.000,3.000,3.000,97.956,0.000,0.033,7.237,22.054,0.000,31.458,-0.000,-1.598,0.000,0.033,15.997,0.488,0.147,0.000,0.000,0.000,0.000,0.000,0.000,0.000,21.000,2.000,2024.000,16.000,23.000,31.000
153.000,412.244,1003.423,15.880,1.209,966.072,39.970,444689.578,0.000,0.000,0.000,0.000,3.000,3.000,97.994,0.000,0.032,11.545,22.053,0.000,31.413,-0.000,-2.488,0.000,0.033,15.998,0.688,0.147,0.000,0.000,0.000,0.000,0.000,0.000,0.000,21.000,2.000,2024.000,16.000,23.000,32.000
153.000,412.259,1003.426,15.880,1.209,966.107,39.970,444698.394,0.000,0.000,0.000,0.000,3.000,3.000,98.015,0.000,0.033,3.207,22.040,0.000,31.455,-0.000,2.831,0.000,0.027,15.999,0.454,0.147,0.000,0.000,0.000,0.000,0.000,0.000,0.000,21.000,2.000,2024.000,16.000,23.000,32.000
153.000,412.259,1003.426,15.880,1.209,966.107,39.970,444698.394,0.000,0.000,0.000,0.000,3.000,3.000,98.047,0.000,0.018,4.079,22.027,0.000,31.385,-0.000,1.414,0.000,0.027,15.999,0.387,0.147,0.000,0.000,0.000,0.000,0.000,0.000,0.000,21.000,2.000,2024.000,16.000,23.000,32.000
153.000,412.286,1003.428,15.880,1.209,966.171,39.972,444713.510,0.000,0.000,0.000,0.000,3.000,3.000,97.986,0.000,0.054,4.794,22.025,0.000,31.378,-0.000,-0.040,0.000,0.033,15.999,0.380,0.147,0.000,0.000,0.000,0.000,0.000,0.000,0.000,21.000,2.000,2024.000,16.000,23.000,32.000
153.000,412.286,1003.428,15.880,1.209,966.171,39.972,444713.510,0.000,0.000,0.000,0.000,3.000,3.000,97.967,0.000,0.025,3.916,22.023,0.000,31.430,-0.000,-1.577,0.000,0.027,15.998,0.459,0.147,0.000,0.000,0.000,0.000,0.000,0.000,0.000,21.000,2.000,2024.000,16.000,23.000,32.000
153.000,412.326,1003.433,15.880,1.209,966.265,39.973,444736.355,0.000,0.000,0.000,0.000,3.000,3.000,98.006,0.000,0.024,3.741,22.024,0.000,31.416,-0.000,-2.517,0.000,0.033,16.000,0.684,0.147,0.000,0.000,0.000,0.000,0.000,0.000,0.000,21.000,2.000,2024.000,16.000,23.000,32.000
153.000,412.326,1003.433,15.880,1.209,966.265,39.973,444736.355,0.000,0.000,0.000,0.000,3.000,3.000,97.965,0.000,0.013,7.390,22.029,0.000,31.434,-0.000,2.873,0.000,0.033,16.005,0.457,0.147,0.000,0.000,0.000,0.000,0.000,0.000,0.000,21.000,2.000,2024.000,16.000,23.000,32.000
153.000,412.327,1003.437,15.880,1.209,966.268,39.973,444737.785,0.000,0.000,0.000,0.000,3.000,3.000,97.991,0.000,0.030,9.686,22.030,0.000,31.392,-0.000,1.330,0.000,0.038,16.005,0.451,0.147,0.000,0.000,0.000,0.000,0.000,0.000,0.000,21.000,2.000,2024.000,16.000,23.000,32.000
153.000,412.327,1003.437,15.880,1.209,966.268,39.973,444737.785,0.000,0.000,0.000,0.000,3.000,3.000,98.006,0.000,0.048,7.521,22.034,0.000,31.364,-0.000,-0.156,0.000,0.033,16.007,0.467,0.147,0.000,0.000,0.000,0.000,0.000,0.000,0.000,21.000,2.000,2024.000,16.000,23.000,32.000
153.000,412.319,1003.437,15.880,1.209,966.249,39.973,444733.437,0.000,0.000,0.000,0.000,3.000,3.000,97.991,0.000,0.039,3.059,22.035,0.000,31.385,-0.000,-1.655,0.000,0.033,16.005,0.484,0.147,0.000,0.000,0.000,0.000,0.000,0.000,0.000,21.000,2.000,2024.000,16.000,23.000,32.000
153.000,412.319,1003.437,15.880,1.209,966.249,39.973,444733.437,0.000,0.000,0.000,0.000,3.000,3.000,97.979,0.000,0.011,4.805,22.040,0.000,31.416,-0.000,-2.215,0.000,0.033,15.982,1.327,0.147,0.000,0.000,0.000,0.000,0.000,0.000,0.000,21.000,2.000,2024.000,16.000,23.000,33.000
153.000,412.296,1003.439,15.880,1.209,966.195,39.972,444721.382,0.000,0.000,0.000,0.000,3.000,3.000,98.015,0.000,0.044,3.643,22.040,0.000,31.357,-0.000,2.798,0.000,0.027,15.982,0.434,0.147,0.000,0.000,0.000,0.000,0.000,0.000,0.000,21.000,2.000,2024.000,16.000,23.000,33.000
153.000,412.296,1003.439,15.880,1.209,966.195,39.972,444721.382,0.000,0.000,0.000,0.000,3.000,3.000,97.976,0.000,0.009,5.110,22.032,0.000,31.434,-0.000,1.355,0.000,0.033,15.982,0.459,0.147,0.000,0.000,0.000,0.000,0.000,0.000,0.000,21.000,2.000,2024.000,16.000,23.000,33.000
153.000,412.296,1003.439,15.880,1.209,966.195,39.972,444721.382,0.000,0.000,0.000,0.000,3.000,3.000,98.009,0.000,0.025,7.564,22.032,0.000,31.378,-0.000,-0.125,0.000,0.033,15.982,0.461,0.147,0.000,0.000,0.000,0.000,0.000,0.000,0.000,21.000,2.000,2024.000,16.000,23.000,33.000
153.000,412.241,1003.443,15.880,1.209,966.065,39.969,444692.379,0.000,0.000,0.000,0.000,3.000,3.000,97.998,0.000,0.034,8.917,22.017,0.000,31.441,-0.000,-1.632,0.000,0.033,16.006,0.448,0.147,0.000,0.000,0.000,0.000,0.000,0.000,0.000,21.000,2.000,2024.000,16.000,23.000,33.000
153.000,412.241,1003.443,15.880,1.209,966.065,39.969,444692.379,0.000,0.000,0.000,0.000,3.000,3.000,97.990,0.000,0.060,3.610,22.015,0.000,31.395,-0.000,-2.282,0.000,0.033,16.009,1.359,0.147,0.000,0.000,0.000,0.000,0.000,0.000,0.000,21.000,2.000,2024.000,16.000,23.000,33.000
153.000,412.252,1003.443,15.880,1.209,966.091,39.970,444698.357,0.000,0.000,0.000,0.000,3.000,3.000,98.017,0.000,0.027,2.591,22.023,0.000,31.364,-0.000,2.818,0.000,0.033,16.008,0.392,0.147,0.000,0.000,0.000,0.000,0.000,0.000,0.000,21.000,2.000,2024.000,16.000,23.000,33.000
