154.000,104.442,1003.087,15.120,1.212,243.652,20.050,224039.156,0.000,0.000,0.000,0.000,3.000,3.000,49.003,0.000,0.006,1.058,18.476,0.000,30.156,-0.000,1.805,0.000,0.033,15.621,0.166,0.147,0.000,0.000,0.000,0.000,0.000,0.000,0.000,21.000,2.000,2024.000,16.000,36.000,6.000
154.000,104.450,1003.089,15.120,1.212,243.670,20.051,224047.960,0.000,0.000,0.000,0.000,3.000,3.000,49.005,0.000,0.004,0.633,18.463,0.000,30.146,-0.000,1.128,0.000,0.027,15.617,0.214,0.147,0.000,0.000,0.000,0.000,0.000,0.000,0.000,21.000,2.000,2024.000,16.000,36.000,6.000
154.000,104.450,1003.089,15.120,1.212,243.670,20.051,224047.960,0.000,0.000,0.000,0.000,3.000,3.000,49.005,0.000,0.003,0.829,18.463,0.000,30.146,-0.000,0.395,0.000,0.033,15.616,0.231,0.147,0.000,0.000,0.000,0.000,0.000,0.000,0.000,21.000,2.000,2024.000,16.000,36.000,6.000
154.000,104.449,1003.087,15.100,1.212,243.668,20.050,224066.514,0.000,0.000,0.000,0.000,3.000,3.000,49.001,0.000,0.003,0.633,18.470,0.000,30.149,-0.000,-0.365,0.000,0.038,15.610,0.196,0.147,0.000,0.000,0.000,0.000,0.000,0.000,0.000,21.000,2.000,2024.000,16.000,36.000,6.000
154.000,104.449,1003.087,15.100,1.212,243.668,20.050,224066.514,0.000,0.000,0.000,0.000,3.000,3.000,48.992,0.000,0.002,0.660,18.470,0.000,30.153,-0.000,-1.099,0.000,0.033,15.610,0.247,0.147,0.000,0.000,0.000,0.000,0.000,0.000,0.000,21.000,2.000,2024.000,16.000,36.000,7.000
154.000,104.448,1003.087,15.120,1.212,243.666,20.050,224045.591,0.000,0.000,0.000,0.000,3.000,3.000,49.001,0.000,0.005,0.573,18.486,0.000,30.153,-0.000,-1.845,0.000,0.033,15.606,0.237,0.147,0.000,0.000,0.000,0.000,0.000,0.000,0.000,21.000,2.000,2024.000,16.000,36.000,7.000
154.000,104.448,1003.087,15.120,1.212,243.666,20.050,224045.591,0.000,0.000,0.000,0.000,3.000,3.000,48.997,0.000,0.005,0.420,18.486,0.000,30.153,-0.000,-2.577,0.000,0.033,15.606,0.237,0.147,0.000,0.000,0.000,0.000,0.000,0.000,0.000,21.000,2.000,2024.000,16.000,36.000,7.000
154.000,104.438,1003.090,15.120,1.212,243.642,20.049,224035.201,0.000,0.000,0.000,0.000,3.000,3.000,48.997,0.000,0.002,0.333,18.475,0.000,30.153,-0.000,-3.321,0.000,0.033,15.612,0.198,0.147,0.000,0.000,0.000,0.000,0.000,0.000,0.000,21.000,2.000,2024.000,16.000,36.000,7.000
154.000,104.438,1003.090,15.120,1.212,243.642,20.049,224035.201,0.000,0.000,0.000,0.000,3.000,3.000,48.998,0.000,0.002,0.305,18.474,0.000,30.153,-0.000,3.345,0.000,0.038,15.612,0.199,0.147,0.000,0.000,0.000,0.000,0.000,0.000,0.000,21.000,2.000,2024.000,16.000,36.000,7.000
154.000,104.433,1003.090,15.120,1.212,243.631,20.049,224029.839,0.000,0.000,0.000,0.000,3.000,3.000,48.999,0.000,0.006,0.300,18.478,0.000,30.156,-0.000,2.562,0.000,0.027,15.611,0.193,0.147,0.000,0.000,0.000,0.000,0.000,0.000,0.000,21.000,2.000,2024.000,16.000,36.000,7.000
154.000,104.433,1003.090,15.120,1.212,243.631,20.049,224029.839,0.000,0.000,0.000,0.000,3.000,3.000,48.999,0.000,0.009,0.393,18.479,0.000,30.146,-0.000,1.854,0.000,0.033,15.611,0.180,0.147,0.000,0.000,0.000,0.000,0.000,0.000,0.000,21.000,2.000,2024.000,16.000,36.000,7.000
154.000,104.433,1003.090,15.120,1.212,243.631,20.049,224029.839,0.000,0.000,0.000,0.000,3.000,3.000,48.999,0.000,0.006,0.360,18.470,0.000,30.142,-0.000,1.122,0.000,0.027,15.619,0.185,0.147,0.000,0.000,0.000,0.000,0.000,0.000,0.000,21.000,2.000,2024.000,16.000,36.000,7.000
154.000,104.430,1003.093,15.120,1.212,243.624,20.049,224026.956,0.000,0.000,0.000,0.000,3.000,3.000,49.008,0.000,0.002,1.418,18.466,0.000,30.146,-0.000,0.359,0.000,0.038,15.622,0.193,0.147,0.000,0.000,0.000,0.000,0.000,0.000,0.000,21.000,2.000,2024.000,16.000,36.000,7.000
154.000,104.430,1003.093,15.120,1.212,243.624,20.049,224026.956,0.000,0.000,0.000,0.000,3.000,3.000,49.007,0.000,0.007,0.464,18.458,0.000,30.153,-0.000,-0.363,0.000,0.033,15.616,0.224,0.147,0.000,0.000,0.000,0.000,0.000,0.000,0.000,21.000,2.000,2024.000,16.000,36.000,7.000
154.000,104.433,1003.094,15.120,1.212,243.631,20.049,224030.285,0.000,0.000,0.000,0.000,3.000,3.000,49.002,0.000,0.002,1.505,18.452,0.000,30.146,-0.000,-1.050,0.000,0.033,15.612,0.204,0.147,0.000,0.000,0.000,0.000,0.000,0.000,0.000,21.000,2.000,2024.000,16.000,36.000,8.000
154.000,104.433,1003.094,15.120,1.212,243.631,20.049,224030.285,0.000,0.000,0.000,0.000,3.000,3.000,48.996,0.000,0.004,0.960,18.454,0.000,30.149,-0.000,-1.791,0.000,0.033,15.604,0.204,0.147,0.000,0.000,0.000,0.000,0.000,0.000,0.000,21.000,2.000,2024.000,16.000,36.000,8.000
154.000,104.435,1003.094,15.100,1.212,243.635,20.048,224052.280,0.000,0.000,0.000,0.000,3.000,3.000,48.991,0.000,0.004,1.276,18.455,0.000,30.149,-0.000,-2.583,0.000,0.033,15.595,0.221,0.147,0.000,0.000,0.000,0.000,0.000,0.000,0.000,21.000,2.000,2024.000,16.000,36.000,8.000
154.000,104.435,1003.094,15.100,1.212,243.635,20.048,224052.280,0.000,0.000,0.000,0.000,3.000,3.000,48.993,0.000,0.002,0.818,18.467,0.000,30.156,-0.000,-3.264,0.000,0.033,15.605,0.134,0.147,0.000,0.000,0.000,0.000,0.000,0.000,0.000,21.000,2.000,2024.000,16.000,36.000,8.000
154.000,104.434,1003.094,15.100,1.212,243.633,20.048,224051.207,0.000,0.000,0.000,0.000,3.000,3.000,49.002,0.000,0.004,1.074,18.484,0.000,30.149,-0.000,3.292,0.000,0.033,15.618,0.208,0.147,0.000,0.000,0.000,0.000,0.000,0.000,0.000,21.000,2.000,2024.000,16.000,36.000,8.000
154.000,104.434,1003.094,15.100,1.212,243.633,20.048,224051.207,0.000,0.000,0.000,0.000,3.000,3.000,48.990,0.000,0.009,0.758,18.476,0.000,30.142,-0.000,2.631,0.000,0.033,15.615,0.216,0.147,0.000,0.000,0.000,0.000,0.000,0.000,0.000,21.000,2.000,2024.000,16.000,36.000,8.000
154.000,104.437,1003.091,15.120,1.212,243.640,20.049,224034.240,0.000,0.000,0.000,0.000,3.000,3.000,49.006,0.000,0.006,0.682,18.458,0.000,30.142,-0.000,1.790,0.000,0.033,15.606,0.205,0.147,0.000,0.000,0.000,0.000,0.000,0.000,0.000,21.000,2.000,2024.000,16.000,36.000,8.000
154.000,104.437,1003.091,15.120,1.212,243.640,20.049,224034.240,0.000,0.000,0.000,0.000,3.000,3.000,49.000,0.000,0.004,0.802,18.458,0.000,30.153,-0.000,1.096,0.000,0.027,15.606,0.212,0.147,0.000,0.000,0.000,0.000,0.000,0.000,0.000,21.000,2.000,2024.000,16.000,36.000,8.000
154.000,104.437,1003.091,15.120,1.212,243.640,20.049,224034.240,0.000,0.000,0.000,0.000,3.000,3.000,48.995,0.000,0.007,1.063,18.457,0.000,30.156,-0.000,0.387,0.000,0.033,15.606,0.222,0.147,0.000,0.000,0.000,0.000,0.000,0.000,0.000,21.000,2.000,2024.000,16.000,36.000,8.000
154.000,104.439,1003.090,15.100,1.212,243.645,20.049,224056.123,0.000,0.000,0.000,0.000,3.000,3.000,49.001,0.000,0.006,0.742,18.454,0.000,30.153,-0.000,-0.361,0.000,0.033,15.606,0.247,0.147,0.000,0.000,0.000,0.000,0.000,0.000,0.000,21.000,2.000,2024.000,16.000,36.000,8.000
154.000,104.439,1003.090,15.100,1.212,243.645,20.049,224056.123,0.000,0.000,0.000,0.000,3.000,3.000,48.999,0.000,0.003,0.845,18.434,0.000,30.149,-0.000,-1.077,0.000,0.038,15.613,0.226,0.147,0.000,0.000,0.000,0.000,0.000,0.000,0.000,21.000,2.000,2024.000,16.000,36.000,9.000
154.000,104.442,1003.089,15.100,1.212,243.652,20.049,224059.229,0.000,0.000,0.000,0.000,3.000,3.000,49.005,0.000,0.005,0.665,18.434,0.000,30.142,-0.000,-1.834,0.000,0.033,15.613,0.258,0.147,0.000,0.000,0.000,0.000,0.000,0.000,0.000,21.000,2.000,2024.000,16.000,36.000,9.000
154.000,104.442,1003.089,15.100,1.212,243.652,20.049,224059.229,0.000,0.000,0.000,0.000,3.000,3.000,48.997,0.000,0.004,0.660,18.446,0.000,30.153,-0.000,-2.541,0.000,0.033,15.621,0.222,0.147,0.000,0.000,0.000,0.000,0.000,0.000,0.000,21.000,2.000,2024.000,16.000,36.000,9.000
154.000,104.452,1003.091,15.100,1.212,243.675,20.050,224070.179,0.000,0.000,0.000,0.000,3.000,3.000,49.001,0.000,0.005,0.562,18.446,0.000,30.153,-0.000,-3.175,0.000,0.038,15.621,0.146,0.147,0.000,0.000,0.000,0.000,0.000,0.000,0.000,21.000,2.000,2024.000,16.000,36.000,9.000
154.000,104.452,1003.091,15.100,1.212,243.675,20.050,224070.179,0.000,0.000,0.000,0.000,3.000,3.000,49.004,0.000,0.005,0.518,18.457,0.000,30.149,-0.000,3.293,0.000,0.038,15.611,0.197,0.147,0.000,0.000,0.000,0.000,0.000,0.000,0.000,21.000,2.000,2024.000,16.000,36.000,9.000
154.000,104.455,1003.091,15.100,1.212,243.682,20.050,224073.396,0.000,0.000,0.000,0.000,3.000,3.000,48.994,0.000,0.006,0.365,18.459,0.000,30.146,-0.000,2.592,0.000,0.027,15.609,0.220,0.147,0.000,0.000,0.000,0.000,0.000,0.000,0.000,21.000,2.000,2024.000,16.000,36.000,9.000
154.000,104.455,1003.091,15.100,1.212,243.682,20.050,224073.396,0.000,0.000,0.000,0.000,3.000,3.000,48.995,0.000,0.005,0.371,18.451,0.000,30.156,-0.000,1.866,0.000,0.033,15.610,0.240,0.147,0.000,0.000,0.000,0.000,0.000,0.000,0.000,21.000,2.000,2024.000,16.000,36.000,9.000
154.000,104.455,1003.091,15.100,1.212,243.682,20.050,224073.396,0.000,0.000,0.000,0.000,3.000,3.000,49.005,0.000,0.005,0.234,18.450,0.000,30.149,-0.000,1.089,0.000,0.027,15.610,0.230,0.147,0.000,0.000,0.000,0.000,0.000,0.000,0.000,21.000,2.000,2024.000,16.000,36.000,9.000
154.000,104.454,1003.091,15.100,1.212,243.680,20.050,224072.324,0.000,0.000,0.000,0.000,3.000,3.000,49.001,0.000,0.006,0.594,18.459,0.000,30.153,-0.000,0.379,0.000,0.033,15.620,0.218,0.147,0.000,0.000,0.000,0.000,0.000,0.000,0.000,21.000,2.000,2024.000,16.000,36.000,9.000
154.000,104.454,1003.091,15.100,1.212,243.680,20.050,224072.324,0.000,0.000,0.000,0.000,3.000,3.000,49.003,0.000,0.004,0.327,18.463,0.000,30.146,-0.000,-0.357,0.000,0.033,15.624,0.187,0.147,0.000,0.000,0.000,0.000,0.000,0.000,0.000,21.000,2.000,2024.000,16.000,36.000,9.000
154.000,104.461,1003.088,15.100,1.212,243.696,20.051,224079.496,0.000,0.000,0.000,0.000,3.000,3.000,49.012,0.000,0.004,1.162,18.470,0.000,30.149,-0.000,-1.060,0.000,0.033,15.620,0.225,0.147,0.000,0.000,0.000,0.000,0.000,0.000,0.000,21.000,2.000,2024.000,16.000,36.000,10.000
154.000,104.461,1003.088,15.100,1.212,243.696,20.051,224079.496,0.000,0.000,0.000,0.000,3.000,3.000,49.003,0.000,0.009,0.442,18.474,0.000,30.146,-0.000,-1.849,0.000,0.027,15.618,0.246,0.147,0.000,0.000,0.000,0.000,0.000,0.000,0.000,21.000,2.000,2024.000,16.000,36.000,10.000
154.000,104.469,1003.085,15.100,1.212,243.715,20.052,224087.741,0.000,0.000,0.000,0.000,3.000,3.000,49.001,0.000,0.005,1.511,18.470,0.000,30.146,-0.000,-2.512,0.000,0.027,15.616,0.218,0.147,0.000,0.000,0.000,0.000,0.000,0.000,0.000,21.000,2.000,2024.000,16.000,36.000,10.000
154.000,104.469,1003.085,15.100,1.212,243.715,20.052,224087.741,0.000,0.000,0.000,0.000,3.000,3.000,48.992,0.000,0.002,0.747,18.465,0.000,30.153,-0.000,-3.294,0.000,0.033,15.614,0.135,0.147,0.000,0.000,0.000,0.000,0.000,0.000,0.000,21.000,2.000,2024.000,16.000,36.000,10.000
154.000,104.467,1003.088,15.100,1.212,243.710,20.052,224085.931,0.000,0.000,0.000,0.000,3.000,3.000,48.993,0.000,0.002,1.232,18.458,0.000,30.153,-0.000,3.341,0.000,0.033,15.608,0.261,0.147,0.000,0.000,0.000,0.000,0.000,0.000,0.000,21.000,2.000,2024.000,16.000,36.000,10.000
154.000,104.467,1003.088,15.100,1.212,243.710,20.052,224085.931,0.000,0.000,0.000,0.000,3.000,3.000,49.000,0.000,0.005,0.818,18.448,0.000,30.149,-0.000,2.525,0.000,0.033,15.598,0.213,0.147,0.000,0.000,0.000,0.000,0.000,0.000,0.000,21.000,2.000,2024.000,16.000,36.000,10.000
154.000,104.467,1003.092,15.100,1.212,243.710,20.051,224086.378,0.000,0.000,0.000,0.000,3.000,3.000,48.998,0.000,0.006,1.102,18.450,0.000,30.153,-0.000,1.825,0.000,0.033,15.602,0.183,0.147,0.000,0.000,0.000,0.000,0.000,0.000,0.000,21.000,2.000,2024.000,16.000,36.000,10.000
154.000,104.467,1003.092,15.100,1.212,243.710,20.051,224086.378,0.000,0.000,0.000,0.000,3.000,3.000,48.997,0.000,0.002,0.763,18.455,0.000,30.149,-0.000,1.148,0.000,0.033,15.610,0.197,0.147,0.000,0.000,0.000,0.000,0.000,0.000,0.000,21.000,2.000,2024.000,16.000,36.000,10.000
154.000,104.467,1003.092,15.100,1.212,243.710,20.051,224086.378,0.000,0.000,0.000,0.000,3.000,3.000,49.003,0.000,0.008,0.982,18.456,0.000,30.153,-0.000,0.367,0.000,0.033,15.610,0.241,0.147,0.000,0.000,0.000,0.000,0.000,0.000,0.000,21.000,2.000,2024.000,16.000,36.000,10.000
154.000,104.461,1003.093,15.100,1.212,243.696,20.051,224080.055,0.000,0.000,0.000,0.000,3.000,3.000,48.987,0.000,0.003,0.911,18.458,0.000,30.156,-0.000,-0.341,0.000,0.033,15.611,0.246,0.147,0.000,0.000,0.000,0.000,0.000,0.000,0.000,21.000,2.000,2024.000,16.000,36.000,10.000
154.000,104.461,1003.093,15.100,1.212,243.696,20.051,224080.055,0.000,0.000,0.000,0.000,3.000,3.000,49.000,0.000,0.002,0.600,18.458,0.000,30.149,-0.000,-1.131,0.000,0.038,15.610,0.185,0.147,0.000,0.000,0.000,0.000,0.000,0.000,0.000,21.000,2.000,2024.000,16.000,36.000,11.000
154.000,104.460,1003.094,15.100,1.212,243.694,20.051,224079.094,0.000,0.000,0.000,0.000,3.000,3.000,49.002,0.000,0.004,0.747,18.453,0.000,30.149,-0.000,-1.826,0.000,0.038,15.597,0.190,0.147,0.000,0.000,0.000,0.000,0.000,0.000,0.000,21.000,2.000,2024.000,16.000,36.000,11.000
154.000,104.460,1003.094,15.100,1.212,243.694,20.051,224079.094,0.000,0.000,0.000,0.000,3.000,3.000,48.992,0.000,0.003,0.464,18.453,0.000,30.156,-0.000,-2.661,0.000,0.033,15.597,0.195,0.147,0.000,0.000,0.000,0.000,0.000,0.000,0.000,21.000,2.000,2024.000,16.000,36.000,11.000
154.000,104.459,1003.094,15.100,1.212,243.691,20.051,224078.021,0.000,0.000,0.000,0.000,3.000,3.000,48.999,0.000,0.005,0.502,18.447,0.000,30.156,-0.000,-3.055,0.000,0.033,15.613,0.383,0.147,0.000,0.000,0.000,0.000,0.000,0.000,0.000,21.000,2.000,2024.000,16.000,36.000,11.000
154.000,104.459,1003.094,15.100,1.212,243.691,20.051,224078.021,0.000,0.000,0.000,0.000,3.000,3.000,48.995,0.000,0.006,0.709,18.447,0.000,30.149,-0.000,3.281,0.000,0.033,15.613,0.213,0.147,0.000,0.000,0.000,0.000,0.000,0.000,0.000,21.000,2.000,2024.000,16.000,36.000,11.000
154.000,104.451,1003.092,15.120,1.212,243.673,20.051,224049.367,0.000,0.000,0.000,0.000,3.000,3.000,49.002,0.000,0.008,0.573,18.449,0.000,30.156,-0.000,2.595,0.000,0.027,15.590,0.239,0.147,0.000,0.000,0.000,0.000,0.000,0.000,0.000,21.000,2.000,2024.000,16.000,36.000,11.000
154.000,104.451,1003.092,15.120,1.212,243.673,20.051,224049.367,0.000,0.000,0.000,0.000,3.000,3.000,49.006,0.000,0.003,0.562,18.450,0.000,30.142,-0.000,1.789,0.000,0.033,15.588,0.198,0.147,0.000,0.000,0.000,0.000,0.000,0.000,0.000,21.000,2.000,2024.000,16.000,36.000,11.000
154.000,104.450,1003.093,15.120,1.212,243.670,20.051,224048.406,0.000,0.000,0.000,0.000,3.000,3.000,49.000,0.000,0.007,0.496,18.450,0.000,30.149,-0.000,1.072,0.000,0.038,15.604,0.200,0.147,0.000,0.000,0.000,0.000,0.000,0.000,0.000,21.000,2.000,2024.000,16.000,36.000,11.000
154.000,104.450,1003.093,15.120,1.212,243.670,20.051,224048.406,0.000,0.000,0.000,0.000,3.000,3.000,48.994,0.000,0.005,0.300,18.450,0.000,30.156,-0.000,0.354,0.000,0.033,15.609,0.259,0.147,0.000,0.000,0.000,0.000,0.000,0.000,0.000,21.000,2.000,2024.000,16.000,36.000,11.000
154.000,104.450,1003.093,15.120,1.212,243.670,20.051,224048.406,0.000,0.000,0.000,0.000,3.000,3.000,49.005,0.000,0.002,0.327,18.449,0.000,30.156,-0.000,-0.356,0.000,0.033,15.616,0.221,0.147,0.000,0.000,0.000,0.000,0.000,0.000,0.000,21.000,2.000,2024.000,16.000,36.000,11.000
154.000,104.445,1003.094,15.100,1.212,243.659,20.049,224063.006,0.000,0.000,0.000,0.000,3.000,3.000,49.008,0.000,0.004,0.529,18.449,0.000,30.153,-0.000,-1.087,0.000,0.038,15.620,0.171,0.147,0.000,0.000,0.000,0.000,0.000,0.000,0.000,21.000,2.000,2024.000,16.000,36.000,12.000
154.000,104.445,1003.094,15.100,1.212,243.659,20.049,224063.006,0.000,0.000,0.000,0.000,3.000,3.000,49.005,0.000,0.003,0.267,18.447,0.000,30.142,-0.000,-1.800,0.000,0.038,15.630,0.200,0.147,0.000,0.000,0.000,0.000,0.000,0.000,0.000,21.000,2.000,2024.000,16.000,36.000,12.000
154.000,104.443,1003.096,15.100,1.212,243.654,20.049,224061.084,0.000,0.000,0.000,0.000,3.000,3.000,48.991,0.000,0.004,0.971,18.446,0.000,30.160,-0.000,-2.592,0.000,0.033,15.637,0.242,0.147,0.000,0.000,0.000,0.000,0.000,0.000,0.000,21.000,2.000,2024.000,16.000,36.000,12.000
154.000,104.443,1003.096,15.100,1.212,243.654,20.049,224061.084,0.000,0.000,0.000,0.000,3.000,3.000,48.985,0.000,0.004,0.398,18.454,0.000,30.156,-0.000,-3.001,0.000,0.033,15.617,0.504,0.147,0.000,0.000,0.000,0.000,0.000,0.000,0.000,21.000,2.000,2024.000,16.000,36.000,12.000
154.000,104.429,1003.096,15.100,1.212,243.621,20.048,224046.067,0.000,0.000,0.000,0.000,3.000,3.000,48.996,0.000,0.006,1.560,18.463,0.000,30.156,-0.000,3.348,0.000,0.033,15.598,0.214,0.147,0.000,0.000,0.000,0.000,0.000,0.000,0.000,21.000,2.000,2024.000,16.000,36.000,12.000
154.000,104.429,1003.096,15.100,1.212,243.621,20.048,224046.067,0.000,0.000,0.000,0.000,3.000,3.000,48.999,0.000,0.006,0.627,18.461,0.000,30.149,-0.000,2.561,0.000,0.033,15.599,0.189,0.147,0.000,0.000,0.000,0.000,0.000,0.000,0.000,21.000,2.000,2024.000,16.000,36.000,12.000
154.000,104.424,1003.094,15.100,1.212,243.610,20.047,224040.480,0.000,0.000,0.000,0.000,3.000,3.000,49.000,0.000,0.004,1.511,18.459,0.000,30.156,-0.000,1.855,0.000,0.038,15.602,0.203,0.147,0.000,0.000,0.000,0.000,0.000,0.000,0.000,21.000,2.000,2024.000,16.000,36.000,12.000
154.000,104.424,1003.094,15.100,1.212,243.610,20.047,224040.480,0.000,0.000,0.000,0.000,3.000,3.000,49.000,0.000,0.004,0.774,18.457,0.000,30.149,-0.000,1.099,0.000,0.038,15.603,0.243,0.147,0.000,0.000,0.000,0.000,0.000,0.000,0.000,21.000,2.000,2024.000,16.000,36.000,12.000
154.000,104.424,1003.094,15.100,1.212,243.610,20.047,224040.480,0.000,0.000,0.000,0.000,3.000,3.000,49.003,0.000,0.007,1.189,18.454,0.000,30.149,-0.000,0.339,0.000,0.033,15.606,0.170,0.147,0.000,0.000,0.000,0.000,0.000,0.000,0.000,21.000,2.000,2024.000,16.000,36.000,12.000
154.000,104.410,1003.096,15.100,1.212,243.577,20.046,224025.685,0.000,0.000,0.000,0.000,3.000,3.000,49.001,0.000,0.003,0.845,18.451,0.000,30.142,-0.000,-0.349,0.000,0.033,15.606,0.203,0.147,0.000,0.000,0.000,0.000,0.000,0.000,0.000,21.000,2.000,2024.000,16.000,36.000,12.000
154.000,104.410,1003.096,15.100,1.212,243.577,20.046,224025.685,0.000,0.000,0.000,0.000,3.000,3.000,48.999,0.000,0.004,1.053,18.440,0.000,30.156,-0.000,-1.134,0.000,0.033,15.607,0.249,0.147,0.000,0.000,0.000,0.000,0.000,0.000,0.000,21.000,2.000,2024.000,16.000,36.000,13.000
154.000,104.407,1003.093,15.100,1.212,243.570,20.046,224022.132,0.000,0.000,0.000,0.000,3.000,3.000,48.988,0.000,0.004,0.753,18.440,0.000,30.149,-0.000,-1.904,0.000,0.033,15.606,0.204,0.147,0.000,0.000,0.000,0.000,0.000,0.000,0.000,21.000,2.000,2024.000,16.000,36.000,13.000
154.000,104.407,1003.093,15.100,1.212,243.570,20.046,224022.132,0.000,0.000,0.000,0.000,3.000,3.000,48.998,0.000,0.004,0.649,18.444,0.000,30.153,-0.000,-2.580,0.000,0.038,15.603,0.185,0.147,0.000,0.000,0.000,0.000,0.000,0.000,0.000,21.000,2.000,2024.000,16.000,36.000,13.000
154.000,104.402,1003.090,15.100,1.212,243.558,20.045,224016.433,0.000,0.000,0.000,0.000,3.000,3.000,48.991,0.000,0.008,0.856,18.444,0.000,30.163,-0.000,-2.852,0.000,0.033,15.603,0.866,0.147,0.000,0.000,0.000,0.000,0.000,0.000,0.000,21.000,2.000,2024.000,16.000,36.000,13.000
154.000,104.402,1003.090,15.100,1.212,243.558,20.045,224016.433,0.000,0.000,0.000,0.000,3.000,3.000,48.999,0.000,0.001,0.578,18.440,0.000,30.156,-0.000,3.269,0.000,0.033,15.610,0.180,0.147,0.000,0.000,0.000,0.000,0.000,0.000,0.000,21.000,2.000,2024.000,16.000,36.000,13.000
154.000,104.401,1003.089,15.100,1.212,243.556,20.045,224015.249,0.000,0.000,0.000,0.000,3.000,3.000,49.001,0.000,0.006,0.633,18.440,0.000,30.156,-0.000,2.570,0.000,0.027,15.610,0.224,0.147,0.000,0.000,0.000,0.000,0.000,0.000,0.000,21.000,2.000,2024.000,16.000,36.000,13.000
154.000,104.401,1003.089,15.100,1.212,243.556,20.045,224015.249,0.000,0.000,0.000,0.000,3.000,3.000,49.003,0.000,0.007,0.354,18.440,0.000,30.149,-0.000,1.754,0.000,0.033,15.610,0.220,0.147,0.000,0.000,0.000,0.000,0.000,0.000,0.000,21.000,2.000,2024.000,16.000,36.000,13.000
154.000,104.406,1003.089,15.100,1.212,243.568,20.046,224020.613,0.000,0.000,0.000,0.000,3.000,3.000,48.990,0.000,0.007,0.354,18.440,0.000,30.156,-0.000,1.059,0.000,0.033,15.610,0.219,0.147,0.000,0.000,0.000,0.000,0.000,0.000,0.000,21.000,2.000,2024.000,16.000,36.000,13.000
154.000,104.406,1003.089,15.100,1.212,243.568,20.046,224020.613,0.000,0.000,0.000,0.000,3.000,3.000,48.987,0.000,0.005,0.534,18.444,0.000,30.163,-0.000,0.359,0.000,0.033,15.621,0.239,0.147,0.000,0.000,0.000,0.000,0.000,0.000,0.000,21.000,2.000,2024.000,16.000,36.000,13.000
154.000,104.404,1003.090,15.100,1.212,243.563,20.045,224018.579,0.000,0.000,0.000,0.000,3.000,3.000,49.000,0.000,0.009,0.180,18.445,0.000,30.160,-0.000,-0.407,0.000,0.033,15.624,0.205,0.147,0.000,0.000,0.000,0.000,0.000,0.000,0.000,21.000,2.000,2024.000,16.000,36.000,13.000
154.000,104.404,1003.090,15.100,1.212,243.563,20.045,224018.579,0.000,0.000,0.000,0.000,3.000,3.000,49.003,0.000,0.003,0.611,18.450,0.000,30.149,-0.000,-1.167,0.000,0.033,15.599,0.224,0.147,0.000,0.000,0.000,0.000,0.000,0.000,0.000,21.000,2.000,2024.000,16.000,36.000,14.000
154.000,104.404,1003.090,15.100,1.212,243.563,20.045,224018.579,0.000,0.000,0.000,0.000,3.000,3.000,49.005,0.000,0.002,0.196,18.452,0.000,30.149,-0.000,-1.843,0.000,0.033,15.588,0.203,0.147,0.000,0.000,0.000,0.000,0.000,0.000,0.000,21.000,2.000,2024.000,16.000,36.000,14.000
154.000,104.412,1003.087,15.100,1.212,243.582,20.046,224026.826,0.000,0.000,0.000,0.000,3.000,3.000,49.008,0.000,0.005,1.085,18.437,0.000,30.149,-0.000,-2.601,0.000,0.033,15.597,0.225,0.147,0.000,0.000,0.000,0.000,0.000,0.000,0.000,21.000,2.000,2024.000,16.000,36.000,14.000
154.000,104.412,1003.087,15.100,1.212,243.582,20.046,224026.826,0.000,0.000,0.000,0.000,3.000,3.000,49.004,0.000,0.004,1.472,18.427,0.000,30.146,-0.000,-2.820,0.000,0.033,15.603,0.867,0.147,0.000,0.000,0.000,0.000,0.000,0.000,0.000,21.000,2.000,2024.000,16.000,36.000,14.000
154.000,104.418,1003.085,15.100,1.212,243.596,20.047,224033.039,0.000,0.000,0.000,0.000,3.000,3.000,49.010,0.000,0.003,0.665,18.434,0.000,30.149,-0.000,3.262,0.000,0.033,15.608,0.199,0.147,0.000,0.000,0.000,0.000,0.000,0.000,0.000,21.000,2.000,2024.000,16.000,36.000,14.000
154.000,104.418,1003.085,15.100,1.212,243.596,20.047,224033.039,0.000,0.000,0.000,0.000,3.000,3.000,49.012,0.000,0.005,1.254,18.441,0.000,30.139,-0.000,2.505,0.000,0.033,15.614,0.190,0.147,0.000,0.000,0.000,0.000,0.000,0.000,0.000,21.000,2.000,2024.000,16.000,36.000,14.000
154.000,104.417,1003.086,15.100,1.212,243.593,20.047,224032.078,0.000,0.000,0.000,0.000,3.000,3.000,49.013,0.000,0.008,0.709,18.436,0.000,30.146,-0.000,1.819,0.000,0.033,15.613,0.211,0.147,0.000,0.000,0.000,0.000,0.000,0.000,0.000,21.000,2.000,2024.000,16.000,36.000,14.000
154.000,104.417,1003.086,15.100,1.212,243.593,20.047,224032.078,0.000,0.000,0.000,0.000,3.000,3.000,49.003,0.000,0.010,0.643,18.429,0.000,30.163,-0.000,1.094,0.000,0.033,15.613,0.242,0.147,0.000,0.000,0.000,0.000,0.000,0.000,0.000,21.000,2.000,2024.000,16.000,36.000,14.000
154.000,104.416,1003.088,15.100,1.212,243.591,20.047,224031.228,0.000,0.000,0.000,0.000,3.000,3.000,49.008,0.000,0.007,1.402,18.424,0.000,30.146,-0.000,0.371,0.000,0.033,15.609,0.226,0.147,0.000,0.000,0.000,0.000,0.000,0.000,0.000,21.000,2.000,2024.000,16.000,36.000,14.000
154.000,104.416,1003.088,15.100,1.212,243.591,20.047,224031.228,0.000,0.000,0.000,0.000,3.000,3.000,48.993,0.000,0.003,0.894,18.413,0.000,30.153,-0.000,-0.383,0.000,0.033,15.599,0.243,0.147,0.000,0.000,0.000,0.000,0.000,0.000,0.000,21.000,2.000,2024.000,16.000,36.000,14.000
154.000,104.416,1003.088,15.100,1.212,243.591,20.047,224031.228,0.000,0.000,0.000,0.000,3.000,3.000,49.006,0.000,0.004,0.605,18.418,0.000,30.153,-0.000,-1.118,0.000,0.033,15.599,0.245,0.147,0.000,0.000,0.000,0.000,0.000,0.000,0.000,21.000,2.000,2024.000,16.000,36.000,15.000
154.000,104.412,1003.087,15.100,1.212,243.582,20.046,224026.826,0.000,0.000,0.000,0.000,3.000,3.000,49.006,0.000,0.002,1.494,18.436,0.000,30.142,-0.000,-1.812,0.000,0.038,15.597,0.217,0.147,0.000,0.000,0.000,0.000,0.000,0.000,0.000,21.000,2.000,2024.000,16.000,36.000,15.000
154.000,104.412,1003.087,15.100,1.212,243.582,20.046,224026.826,0.000,0.000,0.000,0.000,3.000,3.000,48.997,0.000,0.007,0.834,18.436,0.000,30.149,-0.000,-2.545,0.000,0.033,15.599,0.192,0.147,0.000,0.000,0.000,0.000,0.000,0.000,0.000,21.000,2.000,2024.000,16.000,36.000,15.000
154.000,104.428,1003.087,15.100,1.212,243.619,20.048,224043.989,0.000,0.000,0.000,0.000,3.000,3.000,48.983,0.000,0.005,0.780,18.436,0.000,30.149,-0.000,-3.062,0.000,0.038,15.609,0.436,0.147,0.000,0.000,0.000,0.000,0.000,0.000,0.000,21.000,2.000,2024.000,16.000,36.000,15.000
154.000,104.428,1003.087,15.100,1.212,243.619,20.048,224043.989,0.000,0.000,0.000,0.000,3.000,3.000,48.998,0.000,0.002,1.254,18.436,0.000,30.149,-0.000,3.287,0.000,0.033,15.609,0.225,0.147,0.000,0.000,0.000,0.000,0.000,0.000,0.000,21.000,2.000,2024.000,16.000,36.000,15.000
154.000,104.441,1003.087,15.100,1.212,243.649,20.049,224057.934,0.000,0.000,0.000,0.000,3.000,3.000,49.004,0.000,0.003,0.796,18.441,0.000,30.149,-0.000,2.533,0.000,0.038,15.611,0.204,0.147,0.000,0.000,0.000,0.000,0.000,0.000,0.000,21.000,2.000,2024.000,16.000,36.000,15.000
154.000,104.441,1003.087,15.100,1.212,243.649,20.049,224057.934,0.000,0.000,0.000,0.000,3.000,3.000,48.997,0.000,0.006,0.551,18.441,0.000,30.149,-0.000,1.819,0.000,0.022,15.611,0.218,0.147,0.000,0.000,0.000,0.000,0.000,0.000,0.000,21.000,2.000,2024.000,16.000,36.000,15.000
154.000,104.450,1003.089,15.100,1.212,243.670,20.050,224067.810,0.000,0.000,0.000,0.000,3.000,3.000,49.001,0.000,0.003,0.600,18.419,0.000,30.149,-0.000,1.106,0.000,0.033,15.609,0.192,0.147,0.000,0.000,0.000,0.000,0.000,0.000,0.000,21.000,2.000,2024.000,16.000,36.000,15.000
154.000,104.450,1003.089,15.100,1.212,243.670,20.050,224067.810,0.000,0.000,0.000,0.000,3.000,3.000,48.996,0.000,0.005,0.316,18.417,0.000,30.153,-0.000,0.299,0.000,0.033,15.609,0.217,0.147,0.000,0.000,0.000,0.000,0.000,0.000,0.000,21.000,2.000,2024.000,16.000,36.000,15.000
154.000,104.440,1003.091,15.100,1.212,243.647,20.049,224057.308,0.000,0.000,0.000,0.000,3.000,3.000,49.006,0.000,0.009,0.251,18.436,0.000,30.153,-0.000,-0.357,0.000,0.033,15.621,0.184,0.147,0.000,0.000,0.000,0.000,0.000,0.000,0.000,21.000,2.000,2024.000,16.000,36.000,15.000
154.000,104.440,1003.091,15.100,1.212,243.647,20.049,224057.308,0.000,0.000,0.000,0.000,3.000,3.000,48.998,0.000,0.003,0.234,18.441,0.000,30.142,-0.000,-1.144,0.000,0.033,15.624,0.217,0.147,0.000,0.000,0.000,0.000,0.000,0.000,0.000,21.000,2.000,2024.000,16.000,36.000,16.000
154.000,104.438,1003.093,15.100,1.212,243.642,20.049,224055.386,0.000,0.000,0.000,0.000,3.000,3.000,48.995,0.000,0.006,0.207,18.434,0.000,30.149,-0.000,-1.826,0.000,0.033,15.613,0.257,0.147,0.000,0.000,0.000,0.000,0.000,0.000,0.000,21.000,2.000,2024.000,16.000,36.000,16.000
154.000,104.438,1003.093,15.100,1.212,243.642,20.049,224055.386,0.000,0.000,0.000,0.000,3.000,3.000,49.000,0.000,0.002,0.742,18.431,0.000,30.156,-0.000,-2.556,0.000,0.038,15.609,0.202,0.147,0.000,0.000,0.000,0.000,0.000,0.000,0.000,21.000,2.000,2024.000,16.000,36.000,16.000
154.000,104.438,1003.093,15.100,1.212,243.642,20.049,224055.386,0.000,0.000,0.000,0.000,3.000,3.000,48.990,0.000,0.009,0.196,18.424,0.000,30.149,-0.000,-2.946,0.000,0.027,15.607,0.681,0.147,0.000,0.000,0.000,0.000,0.000,0.000,0.000,21.000,2.000,2024.000,16.000,36.000,16.000
154.000,104.441,1003.094,15.100,1.212,243.649,20.049,224058.715,0.000,0.000,0.000,0.000,3.000,3.000,49.003,0.000,0.007,0.916,18.420,0.000,30.160,-0.000,3.242,0.000,0.027,15.606,0.194,0.147,0.000,0.000,0.000,0.000,0.000,0.000,0.000,21.000,2.000,2024.000,16.000,36.000,16.000
154.000,104.441,1003.094,15.100,1.212,243.649,20.049,224058.715,0.000,0.000,0.000,0.000,3.000,3.000,49.006,0.000,0.005,1.276,18.421,0.000,30.149,-0.000,2.513,0.000,0.033,15.615,0.205,0.147,0.000,0.000,0.000,0.000,0.000,0.000,0.000,21.000,2.000,2024.000,16.000,36.000,16.000
154.000,104.454,1003.094,15.100,1.212,243.680,20.050,224072.659,0.000,0.000,0.000,0.000,3.000,3.000,49.003,0.000,0.008,0.556,18.422,0.000,30.146,-0.000,1.820,0.000,0.033,15.623,0.194,0.147,0.000,0.000,0.000,0.000,0.000,0.000,0.000,21.000,2.000,2024.000,16.000,36.000,16.000
154.000,104.454,1003.094,15.100,1.212,243.680,20.050,224072.659,0.000,0.000,0.000,0.000,3.000,3.000,49.001,0.000,0.004,1.331,18.430,0.000,30.149,-0.000,1.073,0.000,0.033,15.619,0.245,0.147,0.000,0.000,0.000,0.000,0.000,0.000,0.000,21.000,2.000,2024.000,16.000,36.000,16.000
154.000,104.463,1003.095,15.100,1.212,243.701,20.051,224082.423,0.000,0.000,0.000,0.000,3.000,3.000,48.997,0.000,0.005,0.845,18.442,0.000,30.156,-0.000,0.370,0.000,0.033,15.613,0.234,0.147,0.000,0.000,0.000,0.000,0.000,0.000,0.000,21.000,2.000,2024.000,16.000,36.000,16.000
154.000,104.463,1003.095,15.100,1.212,243.701,20.051,224082.423,0.000,0.000,0.000,0.000,3.000,3.000,48.996,0.000,0.002,1.113,18.439,0.000,30.156,-0.000,-0.410,0.000,0.033,15.609,0.259,0.147,0.000,0.000,0.000,0.000,0.000,0.000,0.000,21.000,2.000,2024.000,16.000,36.000,16.000
154.000,104.458,1003.094,15.100,1.212,243.689,20.051,224076.949,0.000,0.000,0.000,0.000,3.000,3.000,48.995,0.000,0.006,0.818,18.433,0.000,30.149,-0.000,-1.080,0.000,0.033,15.599,0.217,0.147,0.000,0.000,0.000,0.000,0.000,0.000,0.000,21.000,2.000,2024.000,16.000,36.000,17.000
154.000,104.458,1003.094,15.100,1.212,243.689,20.051,224076.949,0.000,0.000,0.000,0.000,3.000,3.000,48.994,0.000,0.005,1.134,18.434,0.000,30.160,-0.000,-1.868,0.000,0.027,15.602,0.198,0.147,0.000,0.000,0.000,0.000,0.000,0.000,0.000,21.000,2.000,2024.000,16.000,36.000,17.000
154.000,104.458,1003.094,15.100,1.212,243.689,20.051,224076.949,0.000,0.000,0.000,0.000,3.000,3.000,48.999,0.000,0.004,0.742,18.437,0.000,30.149,-0.000,-2.596,0.000,0.033,15.613,0.211,0.147,0.000,0.000,0.000,0.000,0.000,0.000,0.000,21.000,2.000,2024.000,16.000,36.000,17.000
154.000,104.457,1003.093,15.100,1.212,243.687,20.051,224075.765,0.000,0.000,0.000,0.000,3.000,3.000,48.994,0.000,0.002,0.922,18.434,0.000,30.153,-0.000,-2.852,0.000,0.033,15.612,0.879,0.147,0.000,0.000,0.000,0.000,0.000,0.000,0.000,21.000,2.000,2024.000,16.000,36.000,17.000
154.000,104.457,1003.093,15.100,1.212,243.687,20.051,224075.765,0.000,0.000,0.000,0.000,3.000,3.000,49.001,0.000,0.004,0.731,18.402,0.000,30.160,-0.000,3.276,0.000,0.033,15.607,0.200,0.147,0.000,0.000,0.000,0.000,0.000,0.000,0.000,21.000,2.000,2024.000,16.000,36.000,17.000
154.000,104.455,1003.095,15.100,1.212,243.682,20.050,224073.843,0.000,0.000,0.000,0.000,3.000,3.000,48.997,0.000,0.004,1.413,18.402,0.000,30.153,-0.000,2.552,0.000,0.033,15.607,0.227,0.147,0.000,0.000,0.000,0.000,0.000,0.000,0.000,21.000,2.000,2024.000,16.000,36.000,17.000
154.000,104.455,1003.095,15.100,1.212,243.682,20.050,224073.843,0.000,0.000,0.000,0.000,3.000,3.000,49.005,0.000,0.005,0.802,18.418,0.000,30.149,-0.000,1.744,0.000,0.033,15.611,0.224,0.147,0.000,0.000,0.000,0.000,0.000,0.000,0.000,21.000,2.000,2024.000,16.000,36.000,17.000
154.000,104.456,1003.094,15.100,1.212,243.684,20.050,224074.804,0.000,0.000,0.000,0.000,3.000,3.000,49.000,0.000,0.006,0.878,18.418,0.000,30.156,-0.000,1.047,0.000,0.033,15.611,0.193,0.147,0.000,0.000,0.000,0.000,0.000,0.000,0.000,21.000,2.000,2024.000,16.000,36.000,17.000
154.000,104.456,1003.094,15.100,1.212,243.684,20.050,224074.804,0.000,0.000,0.000,0.000,3.000,3.000,49.000,0.000,0.003,0.524,18.414,0.000,30.153,-0.000,0.340,0.000,0.033,15.606,0.259,0.147,0.000,0.000,0.000,0.000,0.000,0.000,0.000,21.000,2.000,2024.000,16.000,36.000,17.000
154.000,104.458,1003.097,15.100,1.212,243.689,20.051,224077.284,0.000,0.000,0.000,0.000,3.000,3.000,49.003,0.000,0.003,0.458,18.413,0.000,30.149,-0.000,-0.396,0.000,0.033,15.605,0.186,0.147,0.000,0.000,0.000,0.000,0.000,0.000,0.000,21.000,2.000,2024.000,16.000,36.000,17.000
154.000,104.458,1003.097,15.100,1.212,243.689,20.051,224077.284,0.000,0.000,0.000,0.000,3.000,3.000,48.995,0.000,0.003,0.453,18.426,0.000,30.153,-0.000,-1.096,0.000,0.033,15.608,0.196,0.147,0.000,0.000,0.000,0.000,0.000,0.000,0.000,21.000,2.000,2024.000,16.000,36.000,18.000
154.000,104.468,1003.100,15.100,1.212,243.712,20.052,224088.344,0.000,0.000,0.000,0.000,3.000,3.000,48.997,0.000,0.003,0.327,18.429,0.000,30.156,-0.000,-1.891,0.000,0.027,15.609,0.256,0.147,0.000,0.000,0.000,0.000,0.000,0.000,0.000,21.000,2.000,2024.000,16.000,36.000,18.000
154.000,104.468,1003.100,15.100,1.212,243.712,20.052,224088.344,0.000,0.000,0.000,0.000,3.000,3.000,48.999,0.000,0.004,0.305,18.421,0.000,30.156,-0.000,-2.610,0.000,0.033,15.597,0.186,0.147,0.000,0.000,0.000,0.000,0.000,0.000,0.000,21.000,2.000,2024.000,16.000,36.000,18.000
154.000,104.468,1003.100,15.100,1.212,243.712,20.052,224088.344,0.000,0.000,0.000,0.000,3.000,3.000,48.999,0.000,0.002,0.191,18.418,0.000,30.149,-0.000,-2.791,0.000,0.027,15.592,0.937,0.147,0.000,0.000,0.000,0.000,0.000,0.000,0.000,21.000,2.000,2024.000,16.000,36.000,18.000
154.000,104.481,1003.101,15.100,1.212,243.743,20.053,224102.398,0.000,0.000,0.000,0.000,3.000,3.000,48.999,0.000,0.005,1.020,18.415,0.000,30.149,-0.000,3.261,0.000,0.027,15.597,0.208,0.147,0.000,0.000,0.000,0.000,0.000,0.000,0.000,21.000,2.000,2024.000,16.000,36.000,18.000
154.000,104.481,1003.101,15.100,1.212,243.743,20.053,224102.398,0.000,0.000,0.000,0.000,3.000,3.000,48.994,0.000,0.005,0.207,18.412,0.000,30.149,-0.000,2.605,0.000,0.027,15.600,0.217,0.147,0.000,0.000,0.000,0.000,0.000,0.000,0.000,21.000,2.000,2024.000,16.000,36.000,18.000
154.000,104.495,1003.102,15.100,1.212,243.775,20.054,224117.523,0.000,0.000,0.000,0.000,3.000,3.000,49.007,0.000,0.009,1.134,18.416,0.000,30.160,-0.000,1.752,0.000,0.033,15.602,0.208,0.147,0.000,0.000,0.000,0.000,0.000,0.000,0.000,21.000,2.000,2024.000,16.000,36.000,18.000
154.000,104.495,1003.102,15.100,1.212,243.775,20.054,224117.523,0.000,0.000,0.000,0.000,3.000,3.000,49.016,0.000,0.004,0.371,18.421,0.000,30.146,-0.000,1.072,0.000,0.033,15.603,0.221,0.147,0.000,0.000,0.000,0.000,0.000,0.000,0.000,21.000,2.000,2024.000,16.000,36.000,18.000
154.000,104.504,1003.103,15.100,1.212,243.796,20.055,224127.285,0.000,0.000,0.000,0.000,3.000,3.000,49.002,0.000,0.003,0.431,18.414,0.000,30.153,-0.000,0.322,0.000,0.038,15.595,0.214,0.147,0.000,0.000,0.000,0.000,0.000,0.000,0.000,21.000,2.000,2024.000,16.000,36.000,18.000
154.000,104.504,1003.103,15.100,1.212,243.796,20.055,224127.285,0.000,0.000,0.000,0.000,3.000,3.000,49.004,0.000,0.005,1.423,18.404,0.000,30.149,-0.000,-0.406,0.000,0.033,15.583,0.217,0.147,0.000,0.000,0.000,0.000,0.000,0.000,0.000,21.000,2.000,2024.000,16.000,36.000,18.000
154.000,104.509,1003.103,15.100,1.212,243.808,20.055,224132.646,0.000,0.000,0.000,0.000,3.000,3.000,49.004,0.000,0.003,0.665,18.407,0.000,30.156,-0.000,-1.131,0.000,0.027,15.587,0.162,0.147,0.000,0.000,0.000,0.000,0.000,0.000,0.000,21.000,2.000,2024.000,16.000,36.000,19.000
154.000,104.509,1003.103,15.100,1.212,243.808,20.055,224132.646,0.000,0.000,0.000,0.000,3.000,3.000,48.995,0.000,0.003,1.162,18.415,0.000,30.160,-0.000,-1.871,0.000,0.033,15.596,0.206,0.147,0.000,0.000,0.000,0.000,0.000,0.000,0.000,21.000,2.000,2024.000,16.000,36.000,19.000
154.000,104.507,1003.102,15.100,1.212,243.803,20.055,224130.390,0.000,0.000,0.000,0.000,3.000,3.000,48.992,0.000,0.002,0.834,18.417,0.000,30.156,-0.000,-2.648,0.000,0.033,15.600,0.252,0.147,0.000,0.000,0.000,0.000,0.000,0.000,0.000,21.000,2.000,2024.000,16.000,36.000,19.000
154.000,104.507,1003.102,15.100,1.212,243.803,20.055,224130.390,0.000,0.000,0.000,0.000,3.000,3.000,49.001,0.000,0.003,1.091,18.424,0.000,30.156,-0.000,-2.842,0.000,0.033,15.615,0.733,0.147,0.000,0.000,0.000,0.000,0.000,0.000,0.000,21.000,2.000,2024.000,16.000,36.000,19.000
154.000,104.507,1003.102,15.100,1.212,243.803,20.055,224130.390,0.000,0.000,0.000,0.000,3.000,3.000,49.007,0.000,0.004,0.693,18.421,0.000,30.149,-0.000,3.278,0.000,0.033,15.612,0.226,0.147,0.000,0.000,0.000,0.000,0.000,0.000,0.000,21.000,2.000,2024.000,16.000,36.000,19.000
154.000,104.498,1003.102,15.100,1.212,243.782,20.054,224120.740,0.000,0.000,0.000,0.000,3.000,3.000,48.999,0.000,0.003,1.096,18.389,0.000,30.156,-0.000,2.554,0.000,0.033,15.585,0.242,0.147,0.000,0.000,0.000,0.000,0.000,0.000,0.000,21.000,2.000,2024.000,16.000,36.000,19.000
154.000,104.498,1003.102,15.100,1.212,243.782,20.054,224120.740,0.000,0.000,0.000,0.000,3.000,3.000,49.004,0.000,0.007,0.660,18.389,0.000,30.153,-0.000,1.788,0.000,0.038,15.585,0.175,0.147,0.000,0.000,0.000,0.000,0.000,0.000,0.000,21.000,2.000,2024.000,16.000,36.000,19.000
154.000,104.496,1003.100,15.100,1.212,243.778,20.054,224118.371,0.000,0.000,0.000,0.000,3.000,3.000,49.013,0.000,0.003,0.829,18.405,0.000,30.149,-0.000,1.048,0.000,0.027,15.583,0.218,0.147,0.000,0.000,0.000,0.000,0.000,0.000,0.000,21.000,2.000,2024.000,16.000,36.000,19.000
154.000,104.496,1003.100,15.100,1.212,243.778,20.054,224118.371,0.000,0.000,0.000,0.000,3.000,3.000,49.004,0.000,0.003,0.491,18.405,0.000,30.146,-0.000,0.364,0.000,0.033,15.583,0.216,0.147,0.000,0.000,0.000,0.000,0.000,0.000,0.000,21.000,2.000,2024.000,16.000,36.000,19.000
154.000,104.510,1003.097,15.100,1.212,243.810,20.056,224133.048,0.000,0.000,0.000,0.000,3.000,3.000,49.003,0.000,0.006,0.316,18.426,0.000,30.142,-0.000,-0.381,0.000,0.038,15.607,0.215,0.147,0.000,0.000,0.000,0.000,0.000,0.000,0.000,21.000,2.000,2024.000,16.000,36.000,19.000
154.000,104.510,1003.097,15.100,1.212,243.810,20.056,224133.048,0.000,0.000,0.000,0.000,3.000,3.000,48.995,0.000,0.007,0.393,18.429,0.000,30.153,-0.000,-1.132,0.000,0.033,15.610,0.231,0.147,0.000,0.000,0.000,0.000,0.000,0.000,0.000,21.000,2.000,2024.000,16.000,36.000,20.000
154.000,104.521,1003.094,15.100,1.212,243.836,20.057,224144.508,0.000,0.000,0.000,0.000,3.000,3.000,48.993,0.000,0.002,0.213,18.418,0.000,30.156,-0.000,-1.818,0.000,0.033,15.621,0.205,0.147,0.000,0.000,0.000,0.000,0.000,0.000,0.000,21.000,2.000,2024.000,16.000,36.000,20.000
154.000,104.521,1003.094,15.100,1.212,243.836,20.057,224144.508,0.000,0.000,0.000,0.000,3.000,3.000,48.993,0.000,0.010,0.496,18.415,0.000,30.163,-0.000,-2.611,0.000,0.033,15.624,0.206,0.147,0.000,0.000,0.000,0.000,0.000,0.000,0.000,21.000,2.000,2024.000,16.000,36.000,20.000
154.000,104.529,1003.091,15.100,1.212,243.855,20.057,224152.750,0.000,0.000,0.000,0.000,3.000,3.000,49.002,0.000,0.005,0.474,18.393,0.000,30.156,-0.000,-2.988,0.000,0.033,15.624,0.627,0.147,0.000,0.000,0.000,0.000,0.000,0.000,0.000,21.000,2.000,2024.000,16.000,36.000,20.000
154.000,104.529,1003.091,15.100,1.212,243.855,20.057,224152.750,0.000,0.000,0.000,0.000,3.000,3.000,48.999,0.000,0.006,0.365,18.383,0.000,30.149,-0.000,3.315,0.000,0.033,15.625,0.217,0.147,0.000,0.000,0.000,0.000,0.000,0.000,0.000,21.000,2.000,2024.000,16.000,36.000,20.000
154.000,104.529,1003.091,15.100,1.212,243.855,20.057,224152.750,0.000,0.000,0.000,0.000,3.000,3.000,49.004,0.000,0.003,0.234,18.393,0.000,30.149,-0.000,2.543,0.000,0.033,15.622,0.184,0.147,0.000,0.000,0.000,0.000,0.000,0.000,0.000,21.000,2.000,2024.000,16.000,36.000,20.000
154.000,104.523,1003.091,15.100,1.212,243.841,20.057,224146.317,0.000,0.000,0.000,0.000,3.000,3.000,48.995,0.000,0.003,0.344,18.399,0.000,30.149,-0.000,1.819,0.000,0.033,15.620,0.188,0.147,0.000,0.000,0.000,0.000,0.000,0.000,0.000,21.000,2.000,2024.000,16.000,36.000,20.000
154.000,104.523,1003.091,15.100,1.212,243.841,20.057,224146.317,0.000,0.000,0.000,0.000,3.000,3.000,48.995,0.000,0.004,0.213,18.402,0.000,30.153,-0.000,1.091,0.000,0.033,15.611,0.262,0.147,0.000,0.000,0.000,0.000,0.000,0.000,0.000,21.000,2.000,2024.000,16.000,36.000,20.000
154.000,104.520,1003.086,15.100,1.212,243.834,20.057,224142.542,0.000,0.000,0.000,0.000,3.000,3.000,49.012,0.000,0.006,1.194,18.404,0.000,30.153,-0.000,0.350,0.000,0.033,15.603,0.238,0.147,0.000,0.000,0.000,0.000,0.000,0.000,0.000,21.000,2.000,2024.000,16.000,36.000,20.000
154.000,104.520,1003.086,15.100,1.212,243.834,20.057,224142.542,0.000,0.000,0.000,0.000,3.000,3.000,49.006,0.000,0.005,0.251,18.412,0.000,30.139,-0.000,-0.383,0.000,0.033,15.601,0.220,0.147,0.000,0.000,0.000,0.000,0.000,0.000,0.000,21.000,2.000,2024.000,16.000,36.000,20.000
154.000,104.521,1003.087,15.100,1.212,243.836,20.057,224143.726,0.000,0.000,0.000,0.000,3.000,3.000,48.989,0.000,0.003,0.409,18.425,0.000,30.153,-0.000,-1.098,0.000,0.027,15.598,0.220,0.147,0.000,0.000,0.000,0.000,0.000,0.000,0.000,21.000,2.000,2024.000,16.000,36.000,21.000
154.000,104.521,1003.087,15.100,1.212,243.836,20.057,224143.726,0.000,0.000,0.000,0.000,3.000,3.000,48.990,0.000,0.010,1.505,18.418,0.000,30.160,-0.000,-1.899,0.000,0.033,15.595,0.217,0.147,0.000,0.000,0.000,0.000,0.000,0.000,0.000,21.000,2.000,2024.000,16.000,36.000,21.000
154.000,104.526,1003.090,15.100,1.212,243.848,20.057,224149.422,0.000,0.000,0.000,0.000,3.000,3.000,49.007,0.000,0.004,0.600,18.403,0.000,30.146,-0.000,-2.559,0.000,0.033,15.590,0.227,0.147,0.000,0.000,0.000,0.000,0.000,0.000,0.000,21.000,2.000,2024.000,16.000,36.000,21.000
154.000,104.526,1003.090,15.100,1.212,243.848,20.057,224149.422,0.000,0.000,0.000,0.000,3.000,3.000,48.995,0.000,0.001,1.232,18.396,0.000,30.153,-0.000,-2.920,0.000,0.033,15.595,0.730,0.147,0.000,0.000,0.000,0.000,0.000,0.000,0.000,21.000,2.000,2024.000,16.000,36.000,21.000
154.000,104.524,1003.090,15.100,1.212,243.843,20.057,224147.277,0.000,0.000,0.000,0.000,3.000,3.000,49.005,0.000,0.003,0.780,18.369,0.000,30.149,-0.000,3.266,0.000,0.038,15.618,0.199,0.147,0.000,0.000,0.000,0.000,0.000,0.000,0.000,21.000,2.000,2024.000,16.000,36.000,21.000
154.000,104.524,1003.090,15.100,1.212,243.843,20.057,224147.277,0.000,0.000,0.000,0.000,3.000,3.000,49.004,0.000,0.003,1.189,18.372,0.000,30.149,-0.000,2.563,0.000,0.038,15.618,0.178,0.147,0.000,0.000,0.000,0.000,0.000,0.000,0.000,21.000,2.000,2024.000,16.000,36.000,21.000
154.000,104.524,1003.090,15.100,1.212,243.843,20.057,224147.277,0.000,0.000,0.000,0.000,3.000,3.000,49.005,0.000,0.002,0.780,18.396,0.000,30.149,-0.000,1.795,0.000,0.033,15.615,0.228,0.147,0.000,0.000,0.000,0.000,0.000,0.000,0.000,21.000,2.000,2024.000,16.000,36.000,21.000
154.000,104.526,1003.092,15.100,1.212,243.848,20.057,224149.645,0.000,0.000,0.000,0.000,3.000,3.000,49.000,0.000,0.003,1.069,18.396,0.000,30.149,-0.000,1.104,0.000,0.033,15.615,0.233,0.147,0.000,0.000,0.000,0.000,0.000,0.000,0.000,21.000,2.000,2024.000,16.000,36.000,21.000
154.000,104.526,1003.092,15.100,1.212,243.848,20.057,224149.645,0.000,0.000,0.000,0.000,3.000,3.000,48.994,0.000,0.004,0.649,18.396,0.000,30.146,-0.000,0.326,0.000,0.033,15.609,0.179,0.147,0.000,0.000,0.000,0.000,0.000,0.000,0.000,21.000,2.000,2024.000,16.000,36.000,21.000
154.000,104.520,1003.090,15.100,1.212,243.834,20.057,224142.989,0.000,0.000,0.000,0.000,3.000,3.000,48.990,0.000,0.006,0.938,18.396,0.000,30.156,-0.000,-0.392,0.000,0.033,15.609,0.173,0.147,0.000,0.000,0.000,0.000,0.000,0.000,0.000,21.000,2.000,2024.000,16.000,36.000,21.000
154.000,104.520,1003.090,15.100,1.212,243.834,20.057,224142.989,0.000,0.000,0.000,0.000,3.000,3.000,48.996,0.000,0.003,0.584,18.385,0.000,30.156,-0.000,-1.160,0.000,0.033,15.605,0.184,0.147,0.000,0.000,0.000,0.000,0.000,0.000,0.000,21.000,2.000,2024.000,16.000,36.000,22.000
154.000,104.496,1003.090,15.100,1.212,243.778,20.054,224117.254,0.000,0.000,0.000,0.000,3.000,3.000,48.998,0.000,0.004,0.687,18.384,0.000,30.156,-0.000,-1.905,0.000,0.027,15.605,0.186,0.147,0.000,0.000,0.000,0.000,0.000,0.000,0.000,21.000,2.000,2024.000,16.000,36.000,22.000
154.000,104.496,1003.090,15.100,1.212,243.778,20.054,224117.254,0.000,0.000,0.000,0.000,3.000,3.000,49.001,0.000,0.005,0.414,18.383,0.000,30.153,-0.000,-2.615,0.000,0.033,15.600,0.241,0.147,0.000,0.000,0.000,0.000,0.000,0.000,0.000,21.000,2.000,2024.000,16.000,36.000,22.000
154.000,104.496,1003.087,15.100,1.212,243.778,20.054,224116.919,0.000,0.000,0.000,0.000,3.000,3.000,48.993,0.000,0.002,0.589,18.383,0.000,30.156,-0.000,-2.868,0.000,0.027,15.599,0.948,0.147,0.000,0.000,0.000,0.000,0.000,0.000,0.000,21.000,2.000,2024.000,16.000,36.000,22.000
154.000,104.496,1003.087,15.100,1.212,243.778,20.054,224116.919,0.000,0.000,0.000,0.000,3.000,3.000,49.000,0.000,0.005,0.305,18.393,0.000,30.156,-0.000,3.253,0.000,0.033,15.593,0.245,0.147,0.000,0.000,0.000,0.000,0.000,0.000,0.000,21.000,2.000,2024.000,16.000,36.000,22.000
154.000,104.494,1003.084,15.100,1.212,243.773,20.054,224114.439,0.000,0.000,0.000,0.000,3.000,3.000,49.004,0.000,0.001,0.213,18.397,0.000,30.153,-0.000,2.524,0.000,0.033,15.590,0.221,0.147,0.000,0.000,0.000,0.000,0.000,0.000,0.000,21.000,2.000,2024.000,16.000,36.000,22.000
154.000,104.494,1003.084,15.100,1.212,243.773,20.054,224114.439,0.000,0.000,0.000,0.000,3.000,3.000,49.004,0.000,0.005,0.262,18.399,0.000,30.149,-0.000,1.839,0.000,0.038,15.598,0.202,0.147,0.000,0.000,0.000,0.000,0.000,0.000,0.000,21.000,2.000,2024.000,16.000,36.000,22.000
154.000,104.494,1003.084,15.100,1.212,243.773,20.054,224114.439,0.000,0.000,0.000,0.000,3.000,3.000,48.998,0.000,0.003,1.325,18.401,0.000,30.156,-0.000,1.069,0.000,0.033,15.604,0.218,0.147,0.000,0.000,0.000,0.000,0.000,0.000,0.000,21.000,2.000,2024.000,16.000,36.000,22.000
154.000,104.493,1003.085,15.100,1.212,243.771,20.054,224113.479,0.000,0.000,0.000,0.000,3.000,3.000,49.002,0.000,0.005,0.327,18.397,0.000,30.149,-0.000,0.310,0.000,0.033,15.607,0.211,0.147,0.000,0.000,0.000,0.000,0.000,0.000,0.000,21.000,2.000,2024.000,16.000,36.000,22.000
154.000,104.493,1003.085,15.100,1.212,243.771,20.054,224113.479,0.000,0.000,0.000,0.000,3.000,3.000,49.005,0.000,0.003,1.625,18.393,0.000,30.153,-0.000,-0.389,0.000,0.033,15.611,0.223,0.147,0.000,0.000,0.000,0.000,0.000,0.000,0.000,21.000,2.000,2024.000,16.000,36.000,22.000
154.000,104.477,1003.084,15.100,1.212,243.733,20.053,224096.209,0.000,0.000,0.000,0.000,3.000,3.000,49.002,0.000,0.006,0.496,18.392,0.000,30.149,-0.000,-1.137,0.000,0.033,15.602,0.250,0.147,0.000,0.000,0.000,0.000,0.000,0.000,0.000,21.000,2.000,2024.000,16.000,36.000,23.000
154.000,104.477,1003.084,15.100,1.212,243.733,20.053,224096.209,0.000,0.000,0.000,0.000,3.000,3.000,48.991,0.000,0.003,1.391,18.391,0.000,30.153,-0.000,-1.871,0.000,0.027,15.590,0.161,0.147,0.000,0.000,0.000,0.000,0.000,0.000,0.000,21.000,2.000,2024.000,16.000,36.000,23.000
154.000,104.479,1003.082,15.100,1.212,243.738,20.053,224098.130,0.000,0.000,0.000,0.000,3.000,3.000,48.985,0.000,0.002,0.900,18.396,0.000,30.160,-0.000,-2.647,0.000,0.033,15.590,0.206,0.147,0.000,0.000,0.000,0.000,0.000,0.000,0.000,21.000,2.000,2024.000,16.000,36.000,23.000
154.000,104.479,1003.082,15.100,1.212,243.738,20.053,224098.130,0.000,0.000,0.000,0.000,3.000,3.000,48.997,0.000,0.005,0.845,18.408,0.000,30.156,-0.000,-2.689,0.000,0.033,15.590,1.152,0.147,0.000,0.000,0.000,0.000,0.000,0.000,0.000,21.000,2.000,2024.000,16.000,36.000,23.000
154.000,104.472,1003.081,15.100,1.212,243.722,20.052,224090.512,0.000,0.000,0.000,0.000,3.000,3.000,49.004,0.000,0.007,1.091,18.404,0.000,30.153,-0.000,3.268,0.000,0.033,15.590,0.161,0.147,0.000,0.000,0.000,0.000,0.000,0.000,0.000,21.000,2.000,2024.000,16.000,36.000,23.000
154.000,104.472,1003.081,15.100,1.212,243.722,20.052,224090.512,0.000,0.000,0.000,0.000,3.000,3.000,49.010,0.000,0.006,0.763,18.389,0.000,30.146,-0.000,2.530,0.000,0.033,15.588,0.207,0.147,0.000,0.000,0.000,0.000,0.000,0.000,0.000,21.000,2.000,2024.000,16.000,36.000,23.000
154.000,104.466,1003.083,15.100,1.212,243.708,20.051,224084.300,0.000,0.000,0.000,0.000,3.000,3.000,48.996,0.000,0.004,0.742,18.389,0.000,30.160,-0.000,1.818,0.000,0.027,15.589,0.241,0.147,0.000,0.000,0.000,0.000,0.000,0.000,0.000,21.000,2.000,2024.000,16.000,36.000,23.000
154.000,104.466,1003.083,15.100,1.212,243.708,20.051,224084.300,0.000,0.000,0.000,0.000,3.000,3.000,49.007,0.000,0.006,1.194,18.397,0.000,30.146,-0.000,1.041,0.000,0.027,15.594,0.199,0.147,0.000,0.000,0.000,0.000,0.000,0.000,0.000,21.000,2.000,2024.000,16.000,36.000,23.000
154.000,104.466,1003.083,15.100,1.212,243.708,20.051,224084.300,0.000,0.000,0.000,0.000,3.000,3.000,48.999,0.000,0.003,0.824,18.397,0.000,30.156,-0.000,0.357,0.000,0.033,15.594,0.231,0.147,0.000,0.000,0.000,0.000,0.000,0.000,0.000,21.000,2.000,2024.000,16.000,36.000,23.000
154.000,104.461,1003.083,15.100,1.212,243.696,20.051,224078.938,0.000,0.000,0.000,0.000,3.000,3.000,48.990,0.000,0.004,0.987,18.377,0.000,30.149,-0.000,-0.418,0.000,0.033,15.587,0.221,0.147,0.000,0.000,0.000,0.000,0.000,0.000,0.000,21.000,2.000,2024.000,16.000,36.000,23.000
154.000,104.461,1003.083,15.100,1.212,243.696,20.051,224078.938,0.000,0.000,0.000,0.000,3.000,3.000,49.003,0.000,0.005,0.742,18.377,0.000,30.156,-0.000,-1.153,0.000,0.033,15.587,0.212,0.147,0.000,0.000,0.000,0.000,0.000,0.000,0.000,21.000,2.000,2024.000,16.000,36.000,24.000
154.000,104.456,1003.083,15.100,1.212,243.684,20.051,224073.575,0.000,0.000,0.000,0.000,3.000,3.000,48.997,0.000,0.006,1.025,18.377,0.000,30.149,-0.000,-1.853,0.000,0.027,15.605,0.212,0.147,0.000,0.000,0.000,0.000,0.000,0.000,0.000,21.000,2.000,2024.000,16.000,36.000,24.000
154.000,104.456,1003.083,15.100,1.212,243.684,20.051,224073.575,0.000,0.000,0.000,0.000,3.000,3.000,48.997,0.000,0.002,0.605,18.377,0.000,30.156,-0.000,-2.622,0.000,0.033,15.607,0.192,0.147,0.000,0.000,0.000,0.000,0.000,0.000,0.000,21.000,2.000,2024.000,16.000,36.000,24.000
154.000,104.453,1003.084,15.100,1.212,243.677,20.050,224070.469,0.000,0.000,0.000,0.000,3.000,3.000,49.000,0.000,0.004,0.584,18.383,0.000,30.156,-0.000,-2.691,0.000,0.027,15.609,1.119,0.147,0.000,0.000,0.000,0.000,0.000,0.000,0.000,21.000,2.000,2024.000,16.000,36.000,24.000
154.000,104.453,1003.084,15.100,1.212,243.677,20.050,224070.469,0.000,0.000,0.000,0.000,3.000,3.000,49.001,0.000,0.003,0.398,18.384,0.000,30.149,-0.000,3.270,0.000,0.038,15.609,0.217,0.147,0.000,0.000,0.000,0.000,0.000,0.000,0.000,21.000,2.000,2024.000,16.000,36.000,24.000
154.000,104.458,1003.084,15.100,1.212,243.689,20.051,224075.832,0.000,0.000,0.000,0.000,3.000,3.000,49.010,0.000,0.005,0.322,18.378,0.000,30.146,-0.000,2.474,0.000,0.033,15.588,0.170,0.147,0.000,0.000,0.000,0.000,0.000,0.000,0.000,21.000,2.000,2024.000,16.000,36.000,24.000
154.000,104.458,1003.084,15.100,1.212,243.689,20.051,224075.832,0.000,0.000,0.000,0.000,3.000,3.000,49.003,0.000,0.005,0.376,18.375,0.000,30.156,-0.000,1.779,0.000,0.033,15.579,0.223,0.147,0.000,0.000,0.000,0.000,0.000,0.000,0.000,21.000,2.000,2024.000,16.000,36.000,24.000
154.000,104.475,1003.081,15.100,1.212,243.729,20.052,224093.729,0.000,0.000,0.000,0.000,3.000,3.000,49.006,0.000,0.003,0.273,18.365,0.000,30.149,-0.000,1.074,0.000,0.033,15.589,0.199,0.147,0.000,0.000,0.000,0.000,0.000,0.000,0.000,21.000,2.000,2024.000,16.000,36.000,24.000
154.000,104.475,1003.081,15.100,1.212,243.729,20.052,224093.729,0.000,0.000,0.000,0.000,3.000,3.000,49.000,0.000,0.005,0.262,18.358,0.000,30.153,-0.000,0.340,0.000,0.033,15.596,0.240,0.147,0.000,0.000,0.000,0.000,0.000,0.000,0.000,21.000,2.000,2024.000,16.000,36.000,24.000
154.000,104.475,1003.081,15.100,1.212,243.729,20.052,224093.729,0.000,0.000,0.000,0.000,3.000,3.000,48.997,0.000,0.003,1.402,18.370,0.000,30.156,-0.000,-0.442,0.000,0.027,15.582,0.177,0.147,0.000,0.000,0.000,0.000,0.000,0.000,0.000,21.000,2.000,2024.000,16.000,36.000,24.000
154.000,104.483,1003.081,15.100,1.212,243.747,20.053,224102.308,0.000,0.000,0.000,0.000,3.000,3.000,49.001,0.000,0.006,0.262,18.383,0.000,30.149,-0.000,-1.122,0.000,0.033,15.569,0.201,0.147,0.000,0.000,0.000,0.000,0.000,0.000,0.000,21.000,2.000,2024.000,16.000,36.000,25.000
154.000,104.483,1003.081,15.100,1.212,243.747,20.053,224102.308,0.000,0.000,0.000,0.000,3.000,3.000,49.003,0.000,0.008,1.407,18.382,0.000,30.160,-0.000,-1.897,0.000,0.033,15.578,0.171,0.147,0.000,0.000,0.000,0.000,0.000,0.000,0.000,21.000,2.000,2024.000,16.000,36.000,25.000
154.000,104.494,1003.079,15.100,1.212,243.773,20.054,224113.881,0.000,0.000,0.000,0.000,3.000,3.000,48.993,0.000,0.004,0.414,18.379,0.000,30.146,-0.000,-2.638,0.000,0.033,15.592,0.187,0.147,0.000,0.000,0.000,0.000,0.000,0.000,0.000,21.000,2.000,2024.000,16.000,36.000,25.000
154.000,104.494,1003.079,15.100,1.212,243.773,20.054,224113.881,0.000,0.000,0.000,0.000,3.000,3.000,48.998,0.000,0.005,1.718,18.379,0.000,30.156,-0.000,-2.777,0.000,0.033,15.601,0.958,0.147,0.000,0.000,0.000,0.000,0.000,0.000,0.000,21.000,2.000,2024.000,16.000,36.000,25.000
154.000,104.499,1003.077,15.100,1.212,243.785,20.055,224119.019,0.000,0.000,0.000,0.000,3.000,3.000,48.998,0.000,0.006,0.709,18.380,0.000,30.160,-0.000,3.246,0.000,0.027,15.623,0.224,0.147,0.000,0.000,0.000,0.000,0.000,0.000,0.000,21.000,2.000,2024.000,16.000,36.000,25.000
154.000,104.499,1003.077,15.100,1.212,243.785,20.055,224119.019,0.000,0.000,0.000,0.000,3.000,3.000,48.997,0.000,0.004,1.260,18.383,0.000,30.156,-0.000,2.546,0.000,0.033,15.621,0.167,0.147,0.000,0.000,0.000,0.000,0.000,0.000,0.000,21.000,2.000,2024.000,16.000,36.000,25.000
154.000,104.493,1003.077,15.100,1.212,243.771,20.054,224112.585,0.000,0.000,0.000,0.000,3.000,3.000,48.995,0.000,0.006,1.309,18.393,0.000,30.156,-0.000,1.763,0.000,0.033,15.610,0.191,0.147,0.000,0.000,0.000,0.000,0.000,0.000,0.000,21.000,2.000,2024.000,16.000,36.000,25.000
154.000,104.493,1003.077,15.100,1.212,243.771,20.054,224112.585,0.000,0.000,0.000,0.000,3.000,3.000,48.996,0.000,0.009,0.769,18.390,0.000,30.153,-0.000,1.040,0.000,0.038,15.609,0.218,0.147,0.000,0.000,0.000,0.000,0.000,0.000,0.000,21.000,2.000,2024.000,16.000,36.000,25.000
154.000,104.493,1003.077,15.100,1.212,243.771,20.054,224112.585,0.000,0.000,0.000,0.000,3.000,3.000,48.990,0.000,0.005,1.080,18.360,0.000,30.156,-0.000,0.292,0.000,0.027,15.600,0.206,0.147,0.000,0.000,0.000,0.000,0.000,0.000,0.000,21.000,2.000,2024.000,16.000,36.000,25.000
154.000,104.497,1003.079,15.100,1.212,243.780,20.055,224117.098,0.000,0.000,0.000,0.000,3.000,3.000,48.994,0.000,0.003,0.747,18.360,0.000,30.156,-0.000,-0.424,0.000,0.038,15.600,0.236,0.147,0.000,0.000,0.000,0.000,0.000,0.000,0.000,21.000,2.000,2024.000,16.000,36.000,25.000
154.000,104.497,1003.079,15.100,1.212,243.780,20.055,224117.098,0.000,0.000,0.000,0.000,3.000,3.000,49.002,0.000,0.004,0.949,18.392,0.000,30.156,-0.000,-1.192,0.000,0.038,15.598,0.213,0.147,0.000,0.000,0.000,0.000,0.000,0.000,0.000,21.000,2.000,2024.000,16.000,36.000,26.000
154.000,104.495,1003.080,15.080,1.212,243.775,20.054,224134.923,0.000,0.000,0.000,0.000,3.000,3.000,49.007,0.000,0.004,0.682,18.392,0.000,30.156,-0.000,-1.868,0.000,0.038,15.598,0.193,0.147,0.000,0.000,0.000,0.000,0.000,0.000,0.000,21.000,2.000,2024.000,16.000,36.000,26.000
154.000,104.495,1003.080,15.080,1.212,243.775,20.054,224134.923,0.000,0.000,0.000,0.000,3.000,3.000,49.002,0.000,0.005,0.753,18.382,0.000,30.149,-0.000,-2.651,0.000,0.027,15.596,0.202,0.147,0.000,0.000,0.000,0.000,0.000,0.000,0.000,21.000,2.000,2024.000,16.000,36.000,26.000
154.000,104.495,1003.082,15.100,1.212,243.775,20.054,224115.288,0.000,0.000,0.000,0.000,3.000,3.000,49.002,0.000,0.002,0.556,18.381,0.000,30.149,-0.000,-2.645,0.000,0.027,15.596,1.215,0.147,0.000,0.000,0.000,0.000,0.000,0.000,0.000,21.000,2.000,2024.000,16.000,36.000,26.000
154.000,104.495,1003.082,15.100,1.212,243.775,20.054,224115.288,0.000,0.000,0.000,0.000,3.000,3.000,48.997,0.000,0.003,0.534,18.383,0.000,30.156,-0.000,3.224,0.000,0.033,15.594,0.222,0.147,0.000,0.000,0.000,0.000,0.000,0.000,0.000,21.000,2.000,2024.000,16.000,36.000,26.000
154.000,104.492,1003.085,15.080,1.212,243.768,20.053,224132.264,0.000,0.000,0.000,0.000,3.000,3.000,49.001,0.000,0.005,0.344,18.384,0.000,30.156,-0.000,2.487,0.000,0.033,15.594,0.211,0.147,0.000,0.000,0.000,0.000,0.000,0.000,0.000,21.000,2.000,2024.000,16.000,36.000,26.000
154.000,104.492,1003.085,15.080,1.212,243.768,20.053,224132.264,0.000,0.000,0.000,0.000,3.000,3.000,49.003,0.000,0.004,1.200,18.382,0.000,30.153,-0.000,1.780,0.000,0.033,15.605,0.169,0.147,0.000,0.000,0.000,0.000,0.000,0.000,0.000,21.000,2.000,2024.000,16.000,36.000,26.000
154.000,104.487,1003.090,15.100,1.212,243.757,20.053,224107.603,0.000,0.000,0.000,0.000,3.000,3.000,48.998,0.000,0.003,0.278,18.382,0.000,30.149,-0.000,1.090,0.000,0.033,15.609,0.220,0.147,0.000,0.000,0.000,0.000,0.000,0.000,0.000,21.000,2.000,2024.000,16.000,36.000,26.000
154.000,104.487,1003.090,15.100,1.212,243.757,20.053,224107.603,0.000,0.000,0.000,0.000,3.000,3.000,48.994,0.000,0.003,0.524,18.385,0.000,30.156,-0.000,0.335,0.000,0.033,15.605,0.242,0.147,0.000,0.000,0.000,0.000,0.000,0.000,0.000,21.000,2.000,2024.000,16.000,36.000,26.000
154.000,104.487,1003.090,15.100,1.212,243.757,20.053,224107.603,0.000,0.000,0.000,0.000,3.000,3.000,48.998,0.000,0.005,1.483,18.386,0.000,30.153,-0.000,-0.411,0.000,0.038,15.601,0.180,0.147,0.000,0.000,0.000,0.000,0.000,0.000,0.000,21.000,2.000,2024.000,16.000,36.000,26.000
154.000,104.498,1003.094,15.100,1.212,243.782,20.054,224119.846,0.000,0.000,0.000,0.000,3.000,3.000,48.997,0.000,0.007,0.676,18.388,0.000,30.160,-0.000,-1.177,0.000,0.038,15.597,0.158,0.147,0.000,0.000,0.000,0.000,0.000,0.000,0.000,21.000,2.000,2024.000,16.000,36.000,27.000
154.000,104.498,1003.094,15.100,1.212,243.782,20.054,224119.846,0.000,0.000,0.000,0.000,3.000,3.000,48.999,0.000,0.002,1.194,18.390,0.000,30.156,-0.000,-1.864,0.000,0.033,15.593,0.201,0.147,0.000,0.000,0.000,0.000,0.000,0.000,0.000,21.000,2.000,2024.000,16.000,36.000,27.000
154.000,104.492,1003.094,15.100,1.212,243.768,20.054,224113.412,0.000,0.000,0.000,0.000,3.000,3.000,48.989,0.000,0.009,0.813,18.377,0.000,30.167,-0.000,-2.615,0.000,0.033,15.598,0.203,0.147,0.000,0.000,0.000,0.000,0.000,0.000,0.000,21.000,2.000,2024.000,16.000,36.000,27.000
154.000,104.492,1003.094,15.100,1.212,243.768,20.054,224113.412,0.000,0.000,0.000,0.000,3.000,3.000,48.998,0.000,0.003,1.004,18.358,0.000,30.156,-0.000,-2.545,0.000,0.038,15.604,1.645,0.147,0.000,0.000,0.000,0.000,0.000,0.000,0.000,21.000,2.000,2024.000,16.000,36.000,27.000
154.000,104.483,1003.093,15.100,1.212,243.747,20.053,224103.649,0.000,0.000,0.000,0.000,3.000,3.000,48.997,0.000,0.004,0.791,18.366,0.000,30.153,-0.000,3.256,0.000,0.033,15.598,0.229,0.147,0.000,0.000,0.000,0.000,0.000,0.000,0.000,21.000,2.000,2024.000,16.000,36.000,27.000
154.000,104.483,1003.093,15.100,1.212,243.747,20.053,224103.649,0.000,0.000,0.000,0.000,3.000,3.000,49.003,0.000,0.006,1.080,18.385,0.000,30.163,-0.000,2.491,0.000,0.033,15.586,0.237,0.147,0.000,0.000,0.000,0.000,0.000,0.000,0.000,21.000,2.000,2024.000,16.000,36.000,27.000
154.000,104.469,1003.092,15.100,1.212,243.715,20.052,224088.523,0.000,0.000,0.000,0.000,3.000,3.000,49.002,0.000,0.006,0.654,18.383,0.000,30.149,-0.000,1.782,0.000,0.033,15.587,0.213,0.147,0.000,0.000,0.000,0.000,0.000,0.000,0.000,21.000,2.000,2024.000,16.000,36.000,27.000
154.000,104.469,1003.092,15.100,1.212,243.715,20.052,224088.523,0.000,0.000,0.000,0.000,3.000,3.000,48.994,0.000,0.003,0.911,18.376,0.000,30.160,-0.000,1.039,0.000,0.033,15.592,0.245,0.147,0.000,0.000,0.000,0.000,0.000,0.000,0.000,21.000,2.000,2024.000,16.000,36.000,27.000
154.000,104.457,1003.094,15.100,1.212,243.687,20.051,224075.876,0.000,0.000,0.000,0.000,3.000,3.000,49.005,0.000,0.003,0.551,18.375,0.000,30.156,-0.000,0.304,0.000,0.038,15.593,0.185,0.147,0.000,0.000,0.000,0.000,0.000,0.000,0.000,21.000,2.000,2024.000,16.000,36.000,27.000
154.000,104.457,1003.094,15.100,1.212,243.687,20.051,224075.876,0.000,0.000,0.000,0.000,3.000,3.000,49.007,0.000,0.003,0.360,18.371,0.000,30.149,-0.000,-0.444,0.000,0.033,15.600,0.185,0.147,0.000,0.000,0.000,0.000,0.000,0.000,0.000,21.000,2.000,2024.000,16.000,36.000,27.000
154.000,104.457,1003.094,15.100,1.212,243.687,20.051,224075.876,0.000,0.000,0.000,0.000,3.000,3.000,49.005,0.000,0.007,0.447,18.371,0.000,30.149,-0.000,-1.144,0.000,0.027,15.600,0.186,0.147,0.000,0.000,0.000,0.000,0.000,0.000,0.000,21.000,2.000,2024.000,16.000,36.000,28.000
154.000,104.455,1003.094,15.100,1.212,243.682,20.050,224073.731,0.000,0.000,0.000,0.000,3.000,3.000,48.992,0.000,0.002,0.251,18.370,0.000,30.156,-0.000,-1.944,0.000,0.033,15.588,0.235,0.147,0.000,0.000,0.000,0.000,0.000,0.000,0.000,21.000,2.000,2024.000,16.000,36.000,28.000
154.000,104.455,1003.094,15.100,1.212,243.682,20.050,224073.731,0.000,0.000,0.000,0.000,3.000,3.000,49.001,0.000,0.013,0.245,18.370,0.000,30.142,-0.000,-2.641,0.000,0.033,15.588,0.231,0.147,0.000,0.000,0.000,0.000,0.000,0.000,0.000,21.000,2.000,2024.000,16.000,36.000,28.000
154.000,104.461,1003.096,15.100,1.212,243.696,20.051,224080.390,0.000,0.000,0.000,0.000,3.000,3.000,48.995,0.000,0.007,0.404,18.381,0.000,30.163,-0.000,-2.483,0.000,0.038,15.594,1.665,0.147,0.000,0.000,0.000,0.000,0.000,0.000,0.000,21.000,2.000,2024.000,16.000,36.000,28.000
154.000,104.461,1003.096,15.100,1.212,243.696,20.051,224080.390,0.000,0.000,0.000,0.000,3.000,3.000,48.994,0.000,0.005,0.234,18.382,0.000,30.163,-0.000,3.222,0.000,0.033,15.595,0.208,0.147,0.000,0.000,0.000,0.000,0.000,0.000,0.000,21.000,2.000,2024.000,16.000,36.000,28.000
154.000,104.458,1003.098,15.080,1.212,243.689,20.050,224097.250,0.000,0.000,0.000,0.000,3.000,3.000,49.004,0.000,0.004,0.998,18.348,0.000,30.160,-0.000,2.503,0.000,0.027,15.605,0.232,0.147,0.000,0.000,0.000,0.000,0.000,0.000,0.000,21.000,2.000,2024.000,16.000,36.000,28.000
