155.000,104.520,1002.723,14.780,1.213,243.834,20.049,224420.095,0.000,0.000,0.000,0.000,3.000,3.000,61.980,0.000,0.040,1.134,17.824,0.000,31.854,-0.000,3.886,0.000,0.033,15.119,13.820,0.147,0.000,0.000,0.000,0.000,0.000,0.000,0.000,21.000,2.000,2024.000,16.000,48.000,17.000
155.000,104.520,1002.723,14.780,1.213,243.834,20.049,224420.095,0.000,0.000,0.000,0.000,3.000,3.000,62.000,0.000,0.020,2.487,17.816,0.000,31.829,-0.000,-0.890,0.000,0.033,15.149,12.905,0.147,0.000,0.000,0.000,0.000,0.000,0.000,0.000,21.000,2.000,2024.000,16.000,48.000,17.000
155.000,104.518,1002.727,14.780,1.213,243.829,20.049,224418.395,0.000,0.000,0.000,0.000,3.000,3.000,62.004,0.000,0.017,4.178,17.820,0.000,31.847,-0.000,-0.837,0.000,0.033,15.141,16.049,0.147,0.000,0.000,0.000,0.000,0.000,0.000,0.000,21.000,2.000,2024.000,16.000,48.000,17.000
155.000,104.518,1002.727,14.780,1.213,243.829,20.049,224418.395,0.000,0.000,0.000,0.000,3.000,3.000,62.020,0.000,0.028,4.074,17.830,0.000,31.864,-0.000,-2.038,0.000,0.033,15.122,18.135,0.147,0.000,0.000,0.000,0.000,0.000,0.000,0.000,21.000,2.000,2024.000,16.000,48.000,17.000
155.000,104.526,1002.729,14.780,1.213,243.848,20.050,224427.207,0.000,0.000,0.000,0.000,3.000,3.000,61.969,0.000,0.024,1.374,17.828,0.000,31.892,-0.000,2.238,0.000,0.033,15.122,12.262,0.147,0.000,0.000,0.000,0.000,0.000,0.000,0.000,21.000,2.000,2024.000,16.000,48.000,17.000
155.000,104.526,1002.729,14.780,1.213,243.848,20.050,224427.207,0.000,0.000,0.000,0.000,3.000,3.000,61.979,0.000,0.017,1.292,17.820,0.000,31.871,-0.000,3.498,0.000,0.038,15.124,13.463,0.147,0.000,0.000,0.000,0.000,0.000,0.000,0.000,21.000,2.000,2024.000,16.000,48.000,17.000
155.000,104.533,1002.733,14.780,1.213,243.864,20.050,224435.169,0.000,0.000,0.000,0.000,3.000,3.000,61.988,0.000,0.016,1.794,17.820,0.000,31.882,-0.000,0.083,0.000,0.033,15.124,14.027,0.147,0.000,0.000,0.000,0.000,0.000,0.000,0.000,21.000,2.000,2024.000,16.000,48.000,17.000
155.000,104.533,1002.733,14.780,1.213,243.864,20.050,224435.169,0.000,0.000,0.000,0.000,3.000,3.000,62.005,0.000,0.023,1.494,17.825,0.000,31.847,-0.000,-2.261,0.000,0.033,15.120,17.574,0.147,0.000,0.000,0.000,0.000,0.000,0.000,0.000,21.000,2.000,2024.000,16.000,48.000,17.000
155.000,104.532,1002.733,14.780,1.213,243.862,20.050,224434.096,0.000,0.000,0.000,0.000,3.000,3.000,61.977,0.000,0.013,1.047,17.825,0.000,31.882,-0.000,-3.845,0.000,0.033,15.120,17.932,0.147,0.000,0.000,0.000,0.000,0.000,0.000,0.000,21.000,2.000,2024.000,16.000,48.000,17.000
155.000,104.532,1002.733,14.780,1.213,243.862,20.050,224434.096,0.000,0.000,0.000,0.000,3.000,3.000,61.985,0.000,0.029,2.182,17.841,0.000,31.843,-0.000,1.814,0.000,0.033,15.112,12.178,0.147,0.000,0.000,0.000,0.000,0.000,0.000,0.000,21.000,2.000,2024.000,16.000,48.000,17.000
155.000,104.527,1002.735,14.780,1.213,243.850,20.050,224428.952,0.000,0.000,0.000,0.000,3.000,3.000,62.009,0.000,0.012,4.488,17.841,0.000,31.843,-0.000,3.161,0.000,0.033,15.112,13.864,0.147,0.000,0.000,0.000,0.000,0.000,0.000,0.000,21.000,2.000,2024.000,16.000,48.000,18.000
155.000,104.527,1002.735,14.780,1.213,243.850,20.050,224428.952,0.000,0.000,0.000,0.000,3.000,3.000,62.013,0.000,0.023,4.281,17.820,0.000,31.843,-0.000,0.089,0.000,0.027,15.128,14.067,0.147,0.000,0.000,0.000,0.000,0.000,0.000,0.000,21.000,2.000,2024.000,16.000,48.000,18.000
155.000,104.527,1002.735,14.780,1.213,243.850,20.050,224428.952,0.000,0.000,0.000,0.000,3.000,3.000,62.007,0.000,0.006,2.760,17.818,0.000,31.882,-0.000,-2.267,0.000,0.033,15.129,17.622,0.147,0.000,0.000,0.000,0.000,0.000,0.000,0.000,21.000,2.000,2024.000,16.000,48.000,18.000
155.000,104.526,1002.734,14.780,1.213,243.848,20.050,224427.767,0.000,0.000,0.000,0.000,3.000,3.000,61.994,0.000,0.015,1.363,17.850,0.000,31.854,-0.000,-1.992,0.000,0.033,15.117,17.523,0.147,0.000,0.000,0.000,0.000,0.000,0.000,0.000,21.000,2.000,2024.000,16.000,48.000,18.000
155.000,104.526,1002.734,14.780,1.213,243.848,20.050,224427.767,0.000,0.000,0.000,0.000,3.000,3.000,61.991,0.000,0.022,1.396,17.858,0.000,31.885,-0.000,1.831,0.000,0.038,15.114,12.233,0.147,0.000,0.000,0.000,0.000,0.000,0.000,0.000,21.000,2.000,2024.000,16.000,48.000,18.000
155.000,104.519,1002.733,14.780,1.213,243.831,20.049,224420.140,0.000,0.000,0.000,0.000,3.000,3.000,61.999,0.000,0.019,2.051,17.856,0.000,31.882,-0.000,2.420,0.000,0.033,15.128,13.443,0.147,0.000,0.000,0.000,0.000,0.000,0.000,0.000,21.000,2.000,2024.000,16.000,48.000,18.000
155.000,104.519,1002.733,14.780,1.213,243.831,20.049,224420.140,0.000,0.000,0.000,0.000,3.000,3.000,62.002,0.000,0.035,1.369,17.855,0.000,31.878,-0.000,0.107,0.000,0.033,15.134,13.981,0.147,0.000,0.000,0.000,0.000,0.000,0.000,0.000,21.000,2.000,2024.000,16.000,48.000,18.000
155.000,104.522,1002.730,14.780,1.213,243.838,20.049,224423.025,0.000,0.000,0.000,0.000,3.000,3.000,61.984,0.000,0.012,2.689,17.844,0.000,31.871,-0.000,-0.824,0.000,0.033,15.131,16.529,0.147,0.000,0.000,0.000,0.000,0.000,0.000,0.000,21.000,2.000,2024.000,16.000,48.000,18.000
155.000,104.522,1002.730,14.780,1.213,243.838,20.049,224423.025,0.000,0.000,0.000,0.000,3.000,3.000,62.014,0.000,0.037,4.587,17.838,0.000,31.826,-0.000,-2.076,0.000,0.027,15.130,17.461,0.147,0.000,0.000,0.000,0.000,0.000,0.000,0.000,21.000,2.000,2024.000,16.000,48.000,18.000
155.000,104.541,1002.728,14.780,1.213,243.883,20.051,224443.198,0.000,0.000,0.000,0.000,3.000,3.000,61.978,0.000,0.023,3.818,17.835,0.000,31.878,-0.000,1.821,0.000,0.033,15.134,12.148,0.147,0.000,0.000,0.000,0.000,0.000,0.000,0.000,21.000,2.000,2024.000,16.000,48.000,18.000
155.000,104.541,1002.728,14.780,1.213,243.883,20.051,224443.198,0.000,0.000,0.000,0.000,3.000,3.000,62.030,0.000,0.025,2.394,17.832,0.000,31.854,-0.000,3.207,0.000,0.033,15.139,13.820,0.147,0.000,0.000,0.000,0.000,0.000,0.000,0.000,21.000,2.000,2024.000,16.000,48.000,19.000
155.000,104.554,1002.730,14.780,1.213,243.913,20.052,224457.375,0.000,0.000,0.000,0.000,3.000,3.000,62.016,0.000,0.020,1.309,17.822,0.000,31.847,-0.000,-1.759,0.000,0.033,15.134,13.309,0.147,0.000,0.000,0.000,0.000,0.000,0.000,0.000,21.000,2.000,2024.000,16.000,48.000,19.000
155.000,104.554,1002.730,14.780,1.213,243.913,20.052,224457.375,0.000,0.000,0.000,0.000,3.000,3.000,62.002,0.000,0.016,1.358,17.807,0.000,31.864,-0.000,-2.264,0.000,0.038,15.126,17.505,0.147,0.000,0.000,0.000,0.000,0.000,0.000,0.000,21.000,2.000,2024.000,16.000,48.000,19.000
155.000,104.554,1002.730,14.780,1.213,243.913,20.052,224457.375,0.000,0.000,0.000,0.000,3.000,3.000,62.000,0.000,0.023,2.171,17.816,0.000,31.857,-0.000,-6.172,0.000,0.033,15.122,17.670,0.147,0.000,0.000,0.000,0.000,0.000,0.000,0.000,21.000,2.000,2024.000,16.000,48.000,19.000
155.000,104.564,1002.728,14.780,1.213,243.936,20.053,224467.885,0.000,0.000,0.000,0.000,3.000,3.000,62.002,0.000,0.037,1.816,17.838,0.000,31.861,-0.000,0.893,0.000,0.038,15.113,11.794,0.147,0.000,0.000,0.000,0.000,0.000,0.000,0.000,21.000,2.000,2024.000,16.000,48.000,19.000
155.000,104.564,1002.728,14.780,1.213,243.936,20.053,224467.885,0.000,0.000,0.000,0.000,3.000,3.000,62.000,0.000,0.014,1.254,17.838,0.000,31.808,-0.000,3.259,0.000,0.033,15.114,12.633,0.147,0.000,0.000,0.000,0.000,0.000,0.000,0.000,21.000,2.000,2024.000,16.000,48.000,19.000
155.000,104.571,1002.729,14.780,1.213,243.952,20.054,224475.510,0.000,0.000,0.000,0.000,3.000,3.000,61.990,0.000,0.018,1.969,17.837,0.000,31.861,-0.000,0.082,0.000,0.033,15.116,13.897,0.147,0.000,0.000,0.000,0.000,0.000,0.000,0.000,21.000,2.000,2024.000,16.000,48.000,19.000
155.000,104.571,1002.729,14.780,1.213,243.952,20.054,224475.510,0.000,0.000,0.000,0.000,3.000,3.000,62.054,0.000,0.023,3.659,17.837,0.000,31.819,-0.000,-2.305,0.000,0.038,15.119,17.551,0.147,0.000,0.000,0.000,0.000,0.000,0.000,0.000,21.000,2.000,2024.000,16.000,48.000,19.000
155.000,104.569,1002.733,14.780,1.213,243.948,20.054,224473.811,0.000,0.000,0.000,0.000,3.000,3.000,61.978,0.000,0.037,1.860,17.838,0.000,31.861,-0.000,-3.842,0.000,0.033,15.149,18.387,0.147,0.000,0.000,0.000,0.000,0.000,0.000,0.000,21.000,2.000,2024.000,16.000,48.000,19.000
155.000,104.569,1002.733,14.780,1.213,243.948,20.054,224473.811,0.000,0.000,0.000,0.000,3.000,3.000,61.988,0.000,0.028,1.407,17.838,0.000,31.833,-0.000,1.707,0.000,0.027,15.149,12.112,0.147,0.000,0.000,0.000,0.000,0.000,0.000,0.000,21.000,2.000,2024.000,16.000,48.000,19.000
155.000,104.564,1002.737,14.780,1.213,243.936,20.053,224468.892,0.000,0.000,0.000,0.000,3.000,3.000,62.019,0.000,0.022,1.472,17.833,0.000,31.864,-0.000,2.424,0.000,0.033,15.137,13.234,0.147,0.000,0.000,0.000,0.000,0.000,0.000,0.000,21.000,2.000,2024.000,16.000,48.000,20.000
155.000,104.564,1002.737,14.780,1.213,243.936,20.053,224468.892,0.000,0.000,0.000,0.000,3.000,3.000,61.981,0.000,0.022,1.800,17.833,0.000,31.864,-0.000,0.945,0.000,0.033,15.137,13.466,0.147,0.000,0.000,0.000,0.000,0.000,0.000,0.000,21.000,2.000,2024.000,16.000,48.000,20.000
155.000,104.560,1002.739,14.780,1.213,243.927,20.053,224464.823,0.000,0.000,0.000,0.000,3.000,3.000,62.007,0.000,0.019,1.702,17.831,0.000,31.840,-0.000,-2.267,0.000,0.033,15.128,17.381,0.147,0.000,0.000,0.000,0.000,0.000,0.000,0.000,21.000,2.000,2024.000,16.000,48.000,20.000
155.000,104.560,1002.739,14.780,1.213,243.927,20.053,224464.823,0.000,0.000,0.000,0.000,3.000,3.000,61.985,0.000,0.011,1.047,17.831,0.000,31.864,-0.000,-1.121,0.000,0.038,15.127,18.046,0.147,0.000,0.000,0.000,0.000,0.000,0.000,0.000,21.000,2.000,2024.000,16.000,48.000,20.000
155.000,104.560,1002.739,14.780,1.213,243.927,20.053,224464.823,0.000,0.000,0.000,0.000,3.000,3.000,61.998,0.000,0.011,1.718,17.847,0.000,31.857,-0.000,1.678,0.000,0.038,15.128,12.058,0.147,0.000,0.000,0.000,0.000,0.000,0.000,0.000,21.000,2.000,2024.000,16.000,48.000,20.000
155.000,104.559,1002.742,14.780,1.213,243.924,20.053,224464.085,0.000,0.000,0.000,0.000,3.000,3.000,61.981,0.000,0.032,4.418,17.851,0.000,31.847,-0.000,2.429,0.000,0.033,15.128,13.340,0.147,0.000,0.000,0.000,0.000,0.000,0.000,0.000,21.000,2.000,2024.000,16.000,48.000,20.000
155.000,104.559,1002.742,14.780,1.213,243.924,20.053,224464.085,0.000,0.000,0.000,0.000,3.000,3.000,62.043,0.000,0.017,3.196,17.840,0.000,31.864,-0.000,0.080,0.000,0.033,15.137,13.920,0.147,0.000,0.000,0.000,0.000,0.000,0.000,0.000,21.000,2.000,2024.000,16.000,48.000,20.000
155.000,104.562,1002.740,14.780,1.213,243.931,20.053,224467.081,0.000,0.000,0.000,0.000,3.000,3.000,61.983,0.000,0.036,1.756,17.835,0.000,31.808,-0.000,-0.963,0.000,0.027,15.140,16.097,0.147,0.000,0.000,0.000,0.000,0.000,0.000,0.000,21.000,2.000,2024.000,16.000,48.000,20.000
155.000,104.562,1002.740,14.780,1.213,243.931,20.053,224467.081,0.000,0.000,0.000,0.000,3.000,3.000,62.012,0.000,0.033,1.232,17.826,0.000,31.871,-0.000,-1.211,0.000,0.033,15.133,17.185,0.147,0.000,0.000,0.000,0.000,0.000,0.000,0.000,21.000,2.000,2024.000,16.000,48.000,20.000
155.000,104.568,1002.731,14.780,1.213,243.945,20.054,224472.514,0.000,0.000,0.000,0.000,3.000,3.000,62.013,0.000,0.010,2.089,17.821,0.000,31.857,-0.000,0.800,0.000,0.027,15.128,13.238,0.147,0.000,0.000,0.000,0.000,0.000,0.000,0.000,21.000,2.000,2024.000,16.000,48.000,20.000
155.000,104.568,1002.731,14.780,1.213,243.945,20.054,224472.514,0.000,0.000,0.000,0.000,3.000,3.000,61.994,0.000,0.034,1.603,17.825,0.000,31.826,-0.000,2.403,0.000,0.033,15.127,13.201,0.147,0.000,0.000,0.000,0.000,0.000,0.000,0.000,21.000,2.000,2024.000,16.000,48.000,21.000
155.000,104.576,1002.727,14.780,1.213,243.964,20.054,224480.652,0.000,0.000,0.000,0.000,3.000,3.000,61.964,0.000,0.010,1.091,17.829,0.000,31.864,-0.000,0.897,0.000,0.038,15.126,13.766,0.147,0.000,0.000,0.000,0.000,0.000,0.000,0.000,21.000,2.000,2024.000,16.000,48.000,21.000
155.000,104.576,1002.727,14.780,1.213,243.964,20.054,224480.652,0.000,0.000,0.000,0.000,3.000,3.000,62.007,0.000,0.039,2.312,17.833,0.000,31.889,-0.000,-1.465,0.000,0.033,15.126,17.579,0.147,0.000,0.000,0.000,0.000,0.000,0.000,0.000,21.000,2.000,2024.000,16.000,48.000,21.000
155.000,104.574,1002.726,14.780,1.213,243.959,20.054,224478.394,0.000,0.000,0.000,0.000,3.000,3.000,62.015,0.000,0.007,3.539,17.839,0.000,31.854,-0.000,-3.257,0.000,0.027,15.127,18.400,0.147,0.000,0.000,0.000,0.000,0.000,0.000,0.000,21.000,2.000,2024.000,16.000,48.000,21.000
155.000,104.574,1002.726,14.780,1.213,243.959,20.054,224478.394,0.000,0.000,0.000,0.000,3.000,3.000,62.012,0.000,0.023,3.469,17.833,0.000,31.861,-0.000,0.013,0.000,0.027,15.129,12.886,0.147,0.000,0.000,0.000,0.000,0.000,0.000,0.000,21.000,2.000,2024.000,16.000,48.000,21.000
155.000,104.574,1002.726,14.780,1.213,243.959,20.054,224478.394,0.000,0.000,0.000,0.000,3.000,3.000,61.998,0.000,0.016,1.745,17.820,0.000,31.829,-0.000,2.362,0.000,0.033,15.133,13.224,0.147,0.000,0.000,0.000,0.000,0.000,0.000,0.000,21.000,2.000,2024.000,16.000,48.000,21.000
155.000,104.579,1002.726,14.780,1.213,243.971,20.055,224483.760,0.000,0.000,0.000,0.000,3.000,3.000,62.021,0.000,0.020,1.205,17.820,0.000,31.840,-0.000,0.868,0.000,0.033,15.131,13.399,0.147,0.000,0.000,0.000,0.000,0.000,0.000,0.000,21.000,2.000,2024.000,16.000,48.000,21.000
155.000,104.579,1002.726,14.780,1.213,243.971,20.055,224483.760,0.000,0.000,0.000,0.000,3.000,3.000,62.008,0.000,0.035,1.434,17.824,0.000,31.829,-0.000,-2.325,0.000,0.033,15.121,17.276,0.147,0.000,0.000,0.000,0.000,0.000,0.000,0.000,21.000,2.000,2024.000,16.000,48.000,21.000
155.000,104.580,1002.722,14.780,1.213,243.973,20.055,224484.386,0.000,0.000,0.000,0.000,3.000,3.000,62.021,0.000,0.049,2.601,17.827,0.000,31.833,-0.000,-2.016,0.000,0.027,15.121,18.274,0.147,0.000,0.000,0.000,0.000,0.000,0.000,0.000,21.000,2.000,2024.000,16.000,48.000,21.000
155.000,104.580,1002.722,14.780,1.213,243.973,20.055,224484.386,0.000,0.000,0.000,0.000,3.000,3.000,61.964,0.000,0.025,1.243,17.849,0.000,31.850,-0.000,0.912,0.000,0.033,15.115,13.357,0.147,0.000,0.000,0.000,0.000,0.000,0.000,0.000,21.000,2.000,2024.000,16.000,48.000,21.000
155.000,104.584,1002.719,14.780,1.213,243.983,20.055,224488.343,0.000,0.000,0.000,0.000,3.000,3.000,62.016,0.000,0.021,4.041,17.849,0.000,31.854,-0.000,3.080,0.000,0.027,15.115,13.511,0.147,0.000,0.000,0.000,0.000,0.000,0.000,0.000,21.000,2.000,2024.000,16.000,48.000,22.000
155.000,104.584,1002.719,14.780,1.213,243.983,20.055,224488.343,0.000,0.000,0.000,0.000,3.000,3.000,62.006,0.000,0.029,3.948,17.833,0.000,31.829,-0.000,-0.026,0.000,0.027,15.120,13.542,0.147,0.000,0.000,0.000,0.000,0.000,0.000,0.000,21.000,2.000,2024.000,16.000,48.000,22.000
155.000,104.593,1002.714,14.780,1.213,244.004,20.056,224497.442,0.000,0.000,0.000,0.000,3.000,3.000,62.002,0.000,0.015,2.585,17.833,0.000,31.850,-0.000,-1.454,0.000,0.033,15.120,17.952,0.147,0.000,0.000,0.000,0.000,0.000,0.000,0.000,21.000,2.000,2024.000,16.000,48.000,22.000
155.000,104.593,1002.714,14.780,1.213,244.004,20.056,224497.442,0.000,0.000,0.000,0.000,3.000,3.000,61.990,0.000,0.018,1.636,17.844,0.000,31.854,-0.000,-0.604,0.000,0.033,15.141,18.131,0.147,0.000,0.000,0.000,0.000,0.000,0.000,0.000,21.000,2.000,2024.000,16.000,48.000,22.000
155.000,104.594,1002.712,14.780,1.213,244.006,20.056,224498.291,0.000,0.000,0.000,0.000,3.000,3.000,62.017,0.000,0.008,1.243,17.846,0.000,31.840,-0.000,2.094,0.000,0.027,15.144,12.560,0.147,0.000,0.000,0.000,0.000,0.000,0.000,0.000,21.000,2.000,2024.000,16.000,48.000,22.000
155.000,104.594,1002.712,14.780,1.213,244.006,20.056,224498.291,0.000,0.000,0.000,0.000,3.000,3.000,62.021,0.000,0.027,1.838,17.844,0.000,31.822,-0.000,1.234,0.000,0.027,15.138,12.477,0.147,0.000,0.000,0.000,0.000,0.000,0.000,0.000,21.000,2.000,2024.000,16.000,48.000,22.000
155.000,104.594,1002.712,14.780,1.213,244.006,20.056,224498.291,0.000,0.000,0.000,0.000,3.000,3.000,62.006,0.000,0.034,1.260,17.844,0.000,31.850,-0.000,-1.727,0.000,0.033,15.136,12.671,0.147,0.000,0.000,0.000,0.000,0.000,0.000,0.000,21.000,2.000,2024.000,16.000,48.000,22.000
155.000,104.577,1002.713,14.780,1.213,243.966,20.055,224480.159,0.000,0.000,0.000,0.000,3.000,3.000,61.950,0.000,0.027,1.314,17.853,0.000,31.871,-0.000,-2.280,0.000,0.033,15.138,16.972,0.147,0.000,0.000,0.000,0.000,0.000,0.000,0.000,21.000,2.000,2024.000,16.000,48.000,22.000
155.000,104.577,1002.713,14.780,1.213,243.966,20.055,224480.159,0.000,0.000,0.000,0.000,3.000,3.000,61.939,0.000,0.019,2.601,17.857,0.000,31.899,-0.000,-3.709,0.000,0.033,15.139,18.225,0.147,0.000,0.000,0.000,0.000,0.000,0.000,0.000,21.000,2.000,2024.000,16.000,48.000,22.000
155.000,104.575,1002.716,14.780,1.213,243.962,20.054,224478.348,0.000,0.000,0.000,0.000,3.000,3.000,61.971,0.000,0.012,1.974,17.841,0.000,31.899,-0.000,2.665,0.000,0.033,15.128,11.275,0.147,0.000,0.000,0.000,0.000,0.000,0.000,0.000,21.000,2.000,2024.000,16.000,48.000,22.000
155.000,104.575,1002.716,14.780,1.213,243.962,20.054,224478.348,0.000,0.000,0.000,0.000,3.000,3.000,61.994,0.000,0.009,1.151,17.831,0.000,31.868,-0.000,4.143,0.000,0.027,15.120,14.290,0.147,0.000,0.000,0.000,0.000,0.000,0.000,0.000,21.000,2.000,2024.000,16.000,48.000,23.000
155.000,104.579,1002.716,14.780,1.213,243.971,20.055,224482.641,0.000,0.000,0.000,0.000,3.000,3.000,61.997,0.000,0.028,1.974,17.839,0.000,31.868,-0.000,1.669,0.000,0.033,15.115,14.756,0.147,0.000,0.000,0.000,0.000,0.000,0.000,0.000,21.000,2.000,2024.000,16.000,48.000,23.000
155.000,104.579,1002.716,14.780,1.213,243.971,20.055,224482.641,0.000,0.000,0.000,0.000,3.000,3.000,62.019,0.000,0.027,3.507,17.846,0.000,31.833,-0.000,-3.880,0.000,0.033,15.109,17.450,0.147,0.000,0.000,0.000,0.000,0.000,0.000,0.000,21.000,2.000,2024.000,16.000,48.000,23.000
155.000,104.585,1002.724,14.780,1.213,243.985,20.055,224489.976,0.000,0.000,0.000,0.000,3.000,3.000,62.012,0.000,0.016,1.593,17.841,0.000,31.840,-0.000,-2.043,0.000,0.033,15.116,17.422,0.147,0.000,0.000,0.000,0.000,0.000,0.000,0.000,21.000,2.000,2024.000,16.000,48.000,23.000
155.000,104.585,1002.724,14.780,1.213,243.985,20.055,224489.976,0.000,0.000,0.000,0.000,3.000,3.000,62.007,0.000,0.014,1.303,17.833,0.000,31.840,-0.000,1.850,0.000,0.033,15.126,12.216,0.147,0.000,0.000,0.000,0.000,0.000,0.000,0.000,21.000,2.000,2024.000,16.000,48.000,23.000
155.000,104.579,1002.734,14.780,1.213,243.971,20.055,224484.656,0.000,0.000,0.000,0.000,3.000,3.000,61.996,0.000,0.006,1.336,17.838,0.000,31.861,-0.000,3.997,0.000,0.033,15.120,13.073,0.147,0.000,0.000,0.000,0.000,0.000,0.000,0.000,21.000,2.000,2024.000,16.000,48.000,23.000
155.000,104.579,1002.734,14.780,1.213,243.971,20.055,224484.656,0.000,0.000,0.000,0.000,3.000,3.000,62.006,0.000,0.034,1.598,17.851,0.000,31.836,-0.000,0.084,0.000,0.027,15.107,13.955,0.147,0.000,0.000,0.000,0.000,0.000,0.000,0.000,21.000,2.000,2024.000,16.000,48.000,23.000
155.000,104.579,1002.734,14.780,1.213,243.971,20.055,224484.656,0.000,0.000,0.000,0.000,3.000,3.000,62.015,0.000,0.025,1.887,17.851,0.000,31.864,-0.000,-2.270,0.000,0.027,15.113,17.641,0.147,0.000,0.000,0.000,0.000,0.000,0.000,0.000,21.000,2.000,2024.000,16.000,48.000,23.000
155.000,104.587,1002.738,14.780,1.213,243.990,20.055,224493.689,0.000,0.000,0.000,0.000,3.000,3.000,62.002,0.000,0.029,1.118,17.851,0.000,31.836,-0.000,-3.014,0.000,0.033,15.137,17.686,0.147,0.000,0.000,0.000,0.000,0.000,0.000,0.000,21.000,2.000,2024.000,16.000,48.000,23.000
155.000,104.587,1002.738,14.780,1.213,243.990,20.055,224493.689,0.000,0.000,0.000,0.000,3.000,3.000,62.018,0.000,0.021,2.640,17.852,0.000,31.868,-0.000,1.956,0.000,0.027,15.134,12.297,0.147,0.000,0.000,0.000,0.000,0.000,0.000,0.000,21.000,2.000,2024.000,16.000,48.000,23.000
155.000,104.592,1002.741,14.780,1.213,244.001,20.056,224499.391,0.000,0.000,0.000,0.000,3.000,3.000,61.982,0.000,0.018,4.341,17.863,0.000,31.819,-0.000,2.437,0.000,0.033,15.108,13.228,0.147,0.000,0.000,0.000,0.000,0.000,0.000,0.000,21.000,2.000,2024.000,16.000,48.000,24.000
155.000,104.592,1002.741,14.780,1.213,244.001,20.056,224499.391,0.000,0.000,0.000,0.000,3.000,3.000,62.005,0.000,0.026,3.621,17.863,0.000,31.868,-0.000,0.132,0.000,0.033,15.108,13.992,0.147,0.000,0.000,0.000,0.000,0.000,0.000,0.000,21.000,2.000,2024.000,16.000,48.000,24.000
155.000,104.592,1002.745,14.780,1.213,244.001,20.056,224499.839,0.000,0.000,0.000,0.000,3.000,3.000,62.016,0.000,0.029,1.903,17.866,0.000,31.819,-0.000,-2.273,0.000,0.033,15.148,17.416,0.147,0.000,0.000,0.000,0.000,0.000,0.000,0.000,21.000,2.000,2024.000,16.000,48.000,24.000
155.000,104.592,1002.745,14.780,1.213,244.001,20.056,224499.839,0.000,0.000,0.000,0.000,3.000,3.000,62.013,0.000,0.018,1.216,17.866,0.000,31.815,-0.000,-1.966,0.000,0.027,15.148,17.991,0.147,0.000,0.000,0.000,0.000,0.000,0.000,0.000,21.000,2.000,2024.000,16.000,48.000,24.000
155.000,104.586,1002.746,14.780,1.213,243.987,20.055,224493.511,0.000,0.000,0.000,0.000,3.000,3.000,62.017,0.000,0.027,1.636,17.857,0.000,31.850,-0.000,3.122,0.000,0.033,15.123,11.339,0.147,0.000,0.000,0.000,0.000,0.000,0.000,0.000,21.000,2.000,2024.000,16.000,48.000,24.000
155.000,104.586,1002.746,14.780,1.213,243.987,20.055,224493.511,0.000,0.000,0.000,0.000,3.000,3.000,62.018,0.000,0.016,1.516,17.856,0.000,31.857,-0.000,2.531,0.000,0.033,15.120,13.051,0.147,0.000,0.000,0.000,0.000,0.000,0.000,0.000,21.000,2.000,2024.000,16.000,48.000,24.000
155.000,104.565,1002.753,14.780,1.213,243.938,20.053,224471.756,0.000,0.000,0.000,0.000,3.000,3.000,62.010,0.000,0.022,1.511,17.846,0.000,31.829,-0.000,0.707,0.000,0.033,15.126,13.210,0.147,0.000,0.000,0.000,0.000,0.000,0.000,0.000,21.000,2.000,2024.000,16.000,48.000,24.000
155.000,104.565,1002.753,14.780,1.213,243.938,20.053,224471.756,0.000,0.000,0.000,0.000,3.000,3.000,61.986,0.000,0.036,3.687,17.844,0.000,31.829,-0.000,-2.306,0.000,0.038,15.127,16.826,0.147,0.000,0.000,0.000,0.000,0.000,0.000,0.000,21.000,2.000,2024.000,16.000,48.000,24.000
155.000,104.565,1002.753,14.780,1.213,243.938,20.053,224471.756,0.000,0.000,0.000,0.000,3.000,3.000,61.964,0.000,0.022,4.510,17.855,0.000,31.868,-0.000,-5.415,0.000,0.027,15.133,18.348,0.147,0.000,0.000,0.000,0.000,0.000,0.000,0.000,21.000,2.000,2024.000,16.000,48.000,24.000
155.000,104.554,1002.756,14.780,1.213,243.913,20.052,224460.285,0.000,0.000,0.000,0.000,3.000,3.000,62.028,0.000,0.010,2.329,17.859,0.000,31.833,-0.000,1.857,0.000,0.033,15.135,12.317,0.147,0.000,0.000,0.000,0.000,0.000,0.000,0.000,21.000,2.000,2024.000,16.000,48.000,24.000
155.000,104.554,1002.756,14.780,1.213,243.913,20.052,224460.285,0.000,0.000,0.000,0.000,3.000,3.000,62.018,0.000,0.019,1.729,17.856,0.000,31.833,-0.000,3.074,0.000,0.033,15.125,13.437,0.147,0.000,0.000,0.000,0.000,0.000,0.000,0.000,21.000,2.000,2024.000,16.000,48.000,25.000
155.000,104.548,1002.752,14.780,1.213,243.899,20.052,224453.397,0.000,0.000,0.000,0.000,3.000,3.000,62.014,0.000,0.012,1.243,17.854,0.000,31.829,-0.000,-0.021,0.000,0.033,15.118,13.503,0.147,0.000,0.000,0.000,0.000,0.000,0.000,0.000,21.000,2.000,2024.000,16.000,48.000,25.000
155.000,104.548,1002.752,14.780,1.213,243.899,20.052,224453.397,0.000,0.000,0.000,0.000,3.000,3.000,62.003,0.000,0.035,1.516,17.856,0.000,31.826,-0.000,-1.627,0.000,0.033,15.113,16.091,0.147,0.000,0.000,0.000,0.000,0.000,0.000,0.000,21.000,2.000,2024.000,16.000,48.000,25.000
155.000,104.564,1002.752,14.780,1.213,243.936,20.053,224470.571,0.000,0.000,0.000,0.000,3.000,3.000,62.008,0.000,0.016,2.225,17.857,0.000,31.885,-0.000,-2.002,0.000,0.027,15.108,18.498,0.147,0.000,0.000,0.000,0.000,0.000,0.000,0.000,21.000,2.000,2024.000,16.000,48.000,25.000
155.000,104.564,1002.752,14.780,1.213,243.936,20.053,224470.571,0.000,0.000,0.000,0.000,3.000,3.000,61.994,0.000,0.011,1.254,17.852,0.000,31.822,-0.000,2.253,0.000,0.033,15.116,12.790,0.147,0.000,0.000,0.000,0.000,0.000,0.000,0.000,21.000,2.000,2024.000,16.000,48.000,25.000
155.000,104.569,1002.749,14.780,1.213,243.948,20.054,224475.602,0.000,0.000,0.000,0.000,3.000,3.000,62.007,0.000,0.021,3.954,17.844,0.000,31.833,-0.000,2.304,0.000,0.033,15.128,12.987,0.147,0.000,0.000,0.000,0.000,0.000,0.000,0.000,21.000,2.000,2024.000,16.000,48.000,25.000
155.000,104.569,1002.749,14.780,1.213,243.948,20.054,224475.602,0.000,0.000,0.000,0.000,3.000,3.000,61.983,0.000,0.026,4.058,17.844,0.000,31.843,-0.000,-0.014,0.000,0.033,15.127,13.396,0.147,0.000,0.000,0.000,0.000,0.000,0.000,0.000,21.000,2.000,2024.000,16.000,48.000,25.000
155.000,104.580,1002.745,14.780,1.213,243.973,20.055,224486.960,0.000,0.000,0.000,0.000,3.000,3.000,61.966,0.000,0.030,2.956,17.843,0.000,31.889,-0.000,-2.279,0.000,0.033,15.124,17.031,0.147,0.000,0.000,0.000,0.000,0.000,0.000,0.000,21.000,2.000,2024.000,16.000,48.000,25.000
155.000,104.580,1002.745,14.780,1.213,243.973,20.055,224486.960,0.000,0.000,0.000,0.000,3.000,3.000,62.006,0.000,0.022,1.445,17.846,0.000,31.850,-0.000,-3.968,0.000,0.027,15.123,18.381,0.147,0.000,0.000,0.000,0.000,0.000,0.000,0.000,21.000,2.000,2024.000,16.000,48.000,25.000
155.000,104.580,1002.745,14.780,1.213,243.973,20.055,224486.960,0.000,0.000,0.000,0.000,3.000,3.000,61.953,0.000,0.024,1.211,17.860,0.000,31.857,-0.000,0.667,0.000,0.033,15.120,13.104,0.147,0.000,0.000,0.000,0.000,0.000,0.000,0.000,21.000,2.000,2024.000,16.000,48.000,25.000
155.000,104.581,1002.742,14.780,1.213,243.976,20.055,224487.698,0.000,0.000,0.000,0.000,3.000,3.000,62.035,0.000,0.037,1.494,17.859,0.000,31.861,-0.000,3.946,0.000,0.038,15.121,13.907,0.147,0.000,0.000,0.000,0.000,0.000,0.000,0.000,21.000,2.000,2024.000,16.000,48.000,26.000
155.000,104.581,1002.742,14.780,1.213,243.976,20.055,224487.698,0.000,0.000,0.000,0.000,3.000,3.000,61.986,0.000,0.021,2.247,17.853,0.000,31.815,-0.000,0.758,0.000,0.027,15.131,13.491,0.147,0.000,0.000,0.000,0.000,0.000,0.000,0.000,21.000,2.000,2024.000,16.000,48.000,26.000
155.000,104.565,1002.742,14.780,1.213,243.938,20.053,224470.525,0.000,0.000,0.000,0.000,3.000,3.000,62.019,0.000,0.027,1.314,17.853,0.000,31.899,-0.000,-2.269,0.000,0.033,15.131,17.333,0.147,0.000,0.000,0.000,0.000,0.000,0.000,0.000,21.000,2.000,2024.000,16.000,48.000,26.000
155.000,104.565,1002.742,14.780,1.213,243.938,20.053,224470.525,0.000,0.000,0.000,0.000,3.000,3.000,62.021,0.000,0.012,1.173,17.853,0.000,31.819,-0.000,-3.958,0.000,0.033,15.128,18.512,0.147,0.000,0.000,0.000,0.000,0.000,0.000,0.000,21.000,2.000,2024.000,16.000,48.000,26.000
155.000,104.578,1002.739,14.780,1.213,243.969,20.055,224484.142,0.000,0.000,0.000,0.000,3.000,3.000,62.017,0.000,0.026,3.300,17.853,0.000,31.843,-0.000,2.178,0.000,0.033,15.128,12.661,0.147,0.000,0.000,0.000,0.000,0.000,0.000,0.000,21.000,2.000,2024.000,16.000,48.000,26.000
155.000,104.578,1002.739,14.780,1.213,243.969,20.055,224484.142,0.000,0.000,0.000,0.000,3.000,3.000,62.010,0.000,0.012,3.823,17.858,0.000,31.808,-0.000,3.130,0.000,0.027,15.128,14.322,0.147,0.000,0.000,0.000,0.000,0.000,0.000,0.000,21.000,2.000,2024.000,16.000,48.000,26.000
155.000,104.598,1002.738,14.780,1.213,244.015,20.056,224505.494,0.000,0.000,0.000,0.000,3.000,3.000,62.017,0.000,0.014,3.223,17.858,0.000,31.829,-0.000,-0.023,0.000,0.033,15.128,13.401,0.147,0.000,0.000,0.000,0.000,0.000,0.000,0.000,21.000,2.000,2024.000,16.000,48.000,26.000
155.000,104.598,1002.738,14.780,1.213,244.015,20.056,224505.494,0.000,0.000,0.000,0.000,3.000,3.000,61.991,0.000,0.012,1.298,17.844,0.000,31.850,-0.000,-3.950,0.000,0.033,15.124,15.326,0.147,0.000,0.000,0.000,0.000,0.000,0.000,0.000,21.000,2.000,2024.000,16.000,48.000,26.000
155.000,104.610,1002.736,14.780,1.213,244.043,20.058,224518.147,0.000,0.000,0.000,0.000,3.000,3.000,61.997,0.000,0.027,1.707,17.840,0.000,31.857,-0.000,-1.996,0.000,0.033,15.123,18.580,0.147,0.000,0.000,0.000,0.000,0.000,0.000,0.000,21.000,2.000,2024.000,16.000,48.000,26.000
155.000,104.610,1002.736,14.780,1.213,244.043,20.058,224518.147,0.000,0.000,0.000,0.000,3.000,3.000,62.000,0.000,0.013,1.887,17.842,0.000,31.854,-0.000,1.695,0.000,0.038,15.133,12.390,0.147,0.000,0.000,0.000,0.000,0.000,0.000,0.000,21.000,2.000,2024.000,16.000,48.000,26.000
155.000,104.610,1002.736,14.780,1.213,244.043,20.058,224518.147,0.000,0.000,0.000,0.000,3.000,3.000,62.008,0.000,0.016,1.303,17.842,0.000,31.843,-0.000,2.324,0.000,0.027,15.137,13.022,0.147,0.000,0.000,0.000,0.000,0.000,0.000,0.000,21.000,2.000,2024.000,16.000,48.000,27.000
155.000,104.606,1002.733,14.780,1.213,244.034,20.057,224513.519,0.000,0.000,0.000,0.000,3.000,3.000,61.999,0.000,0.033,1.325,17.844,0.000,31.882,-0.000,0.641,0.000,0.033,15.128,13.056,0.147,0.000,0.000,0.000,0.000,0.000,0.000,0.000,21.000,2.000,2024.000,16.000,48.000,27.000
155.000,104.606,1002.733,14.780,1.213,244.034,20.057,224513.519,0.000,0.000,0.000,0.000,3.000,3.000,61.995,0.000,0.035,4.728,17.845,0.000,31.847,-0.000,-4.628,0.000,0.038,15.122,16.116,0.147,0.000,0.000,0.000,0.000,0.000,0.000,0.000,21.000,2.000,2024.000,16.000,48.000,27.000
155.000,104.608,1002.727,14.780,1.213,244.039,20.058,224514.994,0.000,0.000,0.000,0.000,3.000,3.000,62.046,0.000,0.006,3.774,17.858,0.000,31.812,-0.000,-5.801,0.000,0.033,15.134,19.102,0.147,0.000,0.000,0.000,0.000,0.000,0.000,0.000,21.000,2.000,2024.000,16.000,48.000,27.000
155.000,104.608,1002.727,14.780,1.213,244.039,20.058,224514.994,0.000,0.000,0.000,0.000,3.000,3.000,62.004,0.000,0.009,2.481,17.871,0.000,31.822,-0.000,2.393,0.000,0.038,15.146,13.100,0.147,0.000,0.000,0.000,0.000,0.000,0.000,0.000,21.000,2.000,2024.000,16.000,48.000,27.000
155.000,104.616,1002.725,14.780,1.213,244.057,20.058,224523.354,0.000,0.000,0.000,0.000,3.000,3.000,61.981,0.000,0.013,1.374,17.854,0.000,31.833,-0.000,2.235,0.000,0.033,15.146,12.874,0.147,0.000,0.000,0.000,0.000,0.000,0.000,0.000,21.000,2.000,2024.000,16.000,48.000,27.000
155.000,104.616,1002.725,14.780,1.213,244.057,20.058,224523.354,0.000,0.000,0.000,0.000,3.000,3.000,61.986,0.000,0.015,1.342,17.829,0.000,31.843,-0.000,0.655,0.000,0.038,15.146,12.975,0.147,0.000,0.000,0.000,0.000,0.000,0.000,0.000,21.000,2.000,2024.000,16.000,48.000,27.000
155.000,104.612,1002.727,14.780,1.213,244.048,20.058,224519.286,0.000,0.000,0.000,0.000,3.000,3.000,62.007,0.000,0.015,1.723,17.829,0.000,31.861,-0.000,-1.687,0.000,0.027,15.140,15.987,0.147,0.000,0.000,0.000,0.000,0.000,0.000,0.000,21.000,2.000,2024.000,16.000,48.000,27.000
155.000,104.612,1002.727,14.780,1.213,244.048,20.058,224519.286,0.000,0.000,0.000,0.000,3.000,3.000,61.980,0.000,0.013,1.096,17.829,0.000,31.847,-0.000,-1.919,0.000,0.033,15.124,18.653,0.147,0.000,0.000,0.000,0.000,0.000,0.000,0.000,21.000,2.000,2024.000,16.000,48.000,27.000
155.000,104.631,1002.722,14.780,1.213,244.092,20.060,224539.114,0.000,0.000,0.000,0.000,3.000,3.000,61.995,0.000,0.026,1.396,17.829,0.000,31.868,-0.000,2.251,0.000,0.033,15.124,12.814,0.147,0.000,0.000,0.000,0.000,0.000,0.000,0.000,21.000,2.000,2024.000,16.000,48.000,27.000
155.000,104.631,1002.722,14.780,1.213,244.092,20.060,224539.114,0.000,0.000,0.000,0.000,3.000,3.000,61.982,0.000,0.021,4.308,17.830,0.000,31.850,-0.000,3.783,0.000,0.027,15.126,13.686,0.147,0.000,0.000,0.000,0.000,0.000,0.000,0.000,21.000,2.000,2024.000,16.000,48.000,28.000
155.000,104.631,1002.722,14.780,1.213,244.092,20.060,224539.114,0.000,0.000,0.000,0.000,3.000,3.000,61.989,0.000,0.020,4.145,17.830,0.000,31.875,-0.000,0.685,0.000,0.033,15.127,13.299,0.147,0.000,0.000,0.000,0.000,0.000,0.000,0.000,21.000,2.000,2024.000,16.000,48.000,28.000
155.000,104.632,1002.717,14.780,1.213,244.095,20.060,224539.627,0.000,0.000,0.000,0.000,3.000,3.000,61.993,0.000,0.042,2.149,17.832,0.000,31.833,-0.000,-1.624,0.000,0.038,15.132,16.304,0.147,0.000,0.000,0.000,0.000,0.000,0.000,0.000,21.000,2.000,2024.000,16.000,48.000,28.000
155.000,104.632,1002.717,14.780,1.213,244.095,20.060,224539.627,0.000,0.000,0.000,0.000,3.000,3.000,62.025,0.000,0.021,1.249,17.832,0.000,31.854,-0.000,-3.866,0.000,0.033,15.132,18.426,0.147,0.000,0.000,0.000,0.000,0.000,0.000,0.000,21.000,2.000,2024.000,16.000,48.000,28.000
155.000,104.621,1002.716,14.780,1.213,244.069,20.059,224527.712,0.000,0.000,0.000,0.000,3.000,3.000,62.043,0.000,0.013,1.276,17.839,0.000,31.826,-0.000,2.271,0.000,0.027,15.111,12.860,0.147,0.000,0.000,0.000,0.000,0.000,0.000,0.000,21.000,2.000,2024.000,16.000,48.000,28.000
155.000,104.621,1002.716,14.780,1.213,244.069,20.059,224527.712,0.000,0.000,0.000,0.000,3.000,3.000,62.014,0.000,0.009,1.903,17.839,0.000,31.836,-0.000,2.970,0.000,0.038,15.111,13.279,0.147,0.000,0.000,0.000,0.000,0.000,0.000,0.000,21.000,2.000,2024.000,16.000,48.000,28.000
155.000,104.614,1002.713,14.780,1.213,244.053,20.058,224519.865,0.000,0.000,0.000,0.000,3.000,3.000,61.961,0.000,0.007,1.772,17.842,0.000,31.847,-0.000,-0.084,0.000,0.033,15.118,13.289,0.147,0.000,0.000,0.000,0.000,0.000,0.000,0.000,21.000,2.000,2024.000,16.000,48.000,28.000
155.000,104.614,1002.713,14.780,1.213,244.053,20.058,224519.865,0.000,0.000,0.000,0.000,3.000,3.000,61.998,0.000,0.023,1.129,17.842,0.000,31.861,-0.000,-2.330,0.000,0.038,15.119,16.857,0.147,0.000,0.000,0.000,0.000,0.000,0.000,0.000,21.000,2.000,2024.000,16.000,48.000,28.000
155.000,104.618,1002.712,14.780,1.213,244.062,20.059,224524.045,0.000,0.000,0.000,0.000,3.000,3.000,62.036,0.000,0.017,2.727,17.841,0.000,31.871,-0.000,-3.414,0.000,0.033,15.117,19.608,0.147,0.000,0.000,0.000,0.000,0.000,0.000,0.000,21.000,2.000,2024.000,16.000,48.000,28.000
155.000,104.618,1002.712,14.780,1.213,244.062,20.059,224524.045,0.000,0.000,0.000,0.000,3.000,3.000,61.955,0.000,0.024,3.741,17.841,0.000,31.833,-0.000,2.254,0.000,0.033,15.117,12.805,0.147,0.000,0.000,0.000,0.000,0.000,0.000,0.000,21.000,2.000,2024.000,16.000,48.000,28.000
155.000,104.633,1002.708,14.780,1.213,244.097,20.060,224539.692,0.000,0.000,0.000,0.000,3.000,3.000,61.984,0.000,0.028,2.105,17.833,0.000,31.854,-0.000,1.646,0.000,0.033,15.115,13.700,0.147,0.000,0.000,0.000,0.000,0.000,0.000,0.000,21.000,2.000,2024.000,16.000,48.000,29.000
155.000,104.633,1002.708,14.780,1.213,244.097,20.060,224539.692,0.000,0.000,0.000,0.000,3.000,3.000,62.015,0.000,0.020,1.342,17.830,0.000,31.829,-0.000,-0.008,0.000,0.033,15.114,13.492,0.147,0.000,0.000,0.000,0.000,0.000,0.000,0.000,21.000,2.000,2024.000,16.000,48.000,29.000
155.000,104.633,1002.708,14.780,1.213,244.097,20.060,224539.692,0.000,0.000,0.000,0.000,3.000,3.000,61.979,0.000,0.029,1.276,17.838,0.000,31.864,-0.000,-2.279,0.000,0.033,15.127,16.970,0.147,0.000,0.000,0.000,0.000,0.000,0.000,0.000,21.000,2.000,2024.000,16.000,48.000,29.000
155.000,104.633,1002.697,14.780,1.213,244.097,20.060,224538.460,0.000,0.000,0.000,0.000,3.000,3.000,61.993,0.000,0.022,1.952,17.843,0.000,31.864,-0.000,-3.236,0.000,0.038,15.136,18.915,0.147,0.000,0.000,0.000,0.000,0.000,0.000,0.000,21.000,2.000,2024.000,16.000,48.000,29.000
155.000,104.633,1002.697,14.780,1.213,244.097,20.060,224538.460,0.000,0.000,0.000,0.000,3.000,3.000,62.033,0.000,0.015,1.762,17.838,0.000,31.836,-0.000,2.134,0.000,0.033,15.136,12.612,0.147,0.000,0.000,0.000,0.000,0.000,0.000,0.000,21.000,2.000,2024.000,16.000,48.000,29.000
155.000,104.627,1002.688,14.760,1.213,244.083,20.059,224550.935,0.000,0.000,0.000,0.000,3.000,3.000,62.034,0.000,0.016,1.145,17.833,0.000,31.819,-0.000,3.048,0.000,0.027,15.136,13.396,0.147,0.000,0.000,0.000,0.000,0.000,0.000,0.000,21.000,2.000,2024.000,16.000,48.000,29.000
155.000,104.627,1002.688,14.760,1.213,244.083,20.059,224550.935,0.000,0.000,0.000,0.000,3.000,3.000,62.013,0.000,0.038,2.176,17.844,0.000,31.836,-0.000,-1.697,0.000,0.033,15.129,12.389,0.147,0.000,0.000,0.000,0.000,0.000,0.000,0.000,21.000,2.000,2024.000,16.000,48.000,29.000
155.000,104.620,1002.683,14.760,1.213,244.067,20.058,224542.864,0.000,0.000,0.000,0.000,3.000,3.000,61.988,0.000,0.019,4.401,17.861,0.000,31.868,-0.000,-2.366,0.000,0.033,15.119,16.627,0.147,0.000,0.000,0.000,0.000,0.000,0.000,0.000,21.000,2.000,2024.000,16.000,48.000,29.000
155.000,104.620,1002.683,14.760,1.213,244.067,20.058,224542.864,0.000,0.000,0.000,0.000,3.000,3.000,62.002,0.000,0.013,3.419,17.858,0.000,31.864,-0.000,-3.931,0.000,0.033,15.120,19.011,0.147,0.000,0.000,0.000,0.000,0.000,0.000,0.000,21.000,2.000,2024.000,16.000,48.000,29.000
155.000,104.618,1002.680,14.780,1.213,244.062,20.059,224520.462,0.000,0.000,0.000,0.000,3.000,3.000,62.004,0.000,0.031,2.176,17.852,0.000,31.850,-0.000,2.302,0.000,0.027,15.123,12.880,0.147,0.000,0.000,0.000,0.000,0.000,0.000,0.000,21.000,2.000,2024.000,16.000,48.000,29.000
155.000,104.618,1002.680,14.780,1.213,244.062,20.059,224520.462,0.000,0.000,0.000,0.000,3.000,3.000,62.005,0.000,0.022,1.178,17.850,0.000,31.826,-0.000,2.966,0.000,0.033,15.121,13.286,0.147,0.000,0.000,0.000,0.000,0.000,0.000,0.000,21.000,2.000,2024.000,16.000,48.000,30.000
155.000,104.620,1002.675,14.780,1.213,244.067,20.059,224522.048,0.000,0.000,0.000,0.000,3.000,3.000,62.004,0.000,0.013,1.658,17.843,0.000,31.850,-0.000,-0.055,0.000,0.027,15.114,13.180,0.147,0.000,0.000,0.000,0.000,0.000,0.000,0.000,21.000,2.000,2024.000,16.000,48.000,30.000
155.000,104.620,1002.675,14.780,1.213,244.067,20.059,224522.048,0.000,0.000,0.000,0.000,3.000,3.000,62.033,0.000,0.009,1.254,17.844,0.000,31.819,-0.000,-2.482,0.000,0.033,15.117,16.620,0.147,0.000,0.000,0.000,0.000,0.000,0.000,0.000,21.000,2.000,2024.000,16.000,48.000,30.000
155.000,104.620,1002.675,14.780,1.213,244.067,20.059,224522.048,0.000,0.000,0.000,0.000,3.000,3.000,62.004,0.000,0.011,1.162,17.847,0.000,31.843,-0.000,-1.983,0.000,0.033,15.144,19.199,0.147,0.000,0.000,0.000,0.000,0.000,0.000,0.000,21.000,2.000,2024.000,16.000,48.000,30.000
155.000,104.632,1002.670,14.780,1.213,244.095,20.060,224534.364,0.000,0.000,0.000,0.000,3.000,3.000,62.001,0.000,0.028,2.978,17.847,0.000,31.847,-0.000,2.457,0.000,0.033,15.144,13.171,0.147,0.000,0.000,0.000,0.000,0.000,0.000,0.000,21.000,2.000,2024.000,16.000,48.000,30.000
155.000,104.632,1002.670,14.780,1.213,244.095,20.060,224534.364,0.000,0.000,0.000,0.000,3.000,3.000,62.018,0.000,0.017,4.701,17.835,0.000,31.812,-0.000,2.253,0.000,0.038,15.131,12.882,0.147,0.000,0.000,0.000,0.000,0.000,0.000,0.000,21.000,2.000,2024.000,16.000,48.000,30.000
155.000,104.631,1002.667,14.780,1.213,244.092,20.060,224532.955,0.000,0.000,0.000,0.000,3.000,3.000,61.993,0.000,0.023,3.289,17.835,0.000,31.833,-0.000,-0.126,0.000,0.033,15.131,12.904,0.147,0.000,0.000,0.000,0.000,0.000,0.000,0.000,21.000,2.000,2024.000,16.000,48.000,30.000
155.000,104.631,1002.667,14.780,1.213,244.092,20.060,224532.955,0.000,0.000,0.000,0.000,3.000,3.000,62.002,0.000,0.039,1.778,17.856,0.000,31.868,-0.000,-1.706,0.000,0.027,15.157,15.687,0.147,0.000,0.000,0.000,0.000,0.000,0.000,0.000,21.000,2.000,2024.000,16.000,48.000,30.000
155.000,104.635,1002.667,14.780,1.213,244.102,20.061,224537.247,0.000,0.000,0.000,0.000,3.000,3.000,62.020,0.000,0.034,1.178,17.859,0.000,31.829,-0.000,-1.980,0.000,0.033,15.160,19.496,0.147,0.000,0.000,0.000,0.000,0.000,0.000,0.000,21.000,2.000,2024.000,16.000,48.000,30.000
155.000,104.635,1002.667,14.780,1.213,244.102,20.061,224537.247,0.000,0.000,0.000,0.000,3.000,3.000,61.958,0.000,0.030,1.854,17.856,0.000,31.780,-0.000,2.513,0.000,0.038,15.139,13.356,0.147,0.000,0.000,0.000,0.000,0.000,0.000,0.000,21.000,2.000,2024.000,16.000,48.000,30.000
155.000,104.631,1002.672,14.780,1.213,244.092,20.060,224533.515,0.000,0.000,0.000,0.000,3.000,3.000,61.973,0.000,0.013,2.056,17.856,0.000,31.857,-0.000,2.889,0.000,0.033,15.134,13.195,0.147,0.000,0.000,0.000,0.000,0.000,0.000,0.000,21.000,2.000,2024.000,16.000,48.000,31.000
155.000,104.631,1002.672,14.780,1.213,244.092,20.060,224533.515,0.000,0.000,0.000,0.000,3.000,3.000,62.000,0.000,0.055,1.740,17.867,0.000,31.861,-0.000,-0.107,0.000,0.033,15.132,13.335,0.147,0.000,0.000,0.000,0.000,0.000,0.000,0.000,21.000,2.000,2024.000,16.000,48.000,31.000
155.000,104.632,1002.676,14.780,1.213,244.095,20.060,224535.036,0.000,0.000,0.000,0.000,3.000,3.000,61.996,0.000,0.039,1.211,17.872,0.000,31.836,-0.000,-1.984,0.000,0.033,15.131,16.198,0.147,0.000,0.000,0.000,0.000,0.000,0.000,0.000,21.000,2.000,2024.000,16.000,48.000,31.000
155.000,104.632,1002.676,14.780,1.213,244.095,20.060,224535.036,0.000,0.000,0.000,0.000,3.000,3.000,61.964,0.000,0.019,4.756,17.872,0.000,31.847,-0.000,-1.913,0.000,0.033,15.129,18.690,0.147,0.000,0.000,0.000,0.000,0.000,0.000,0.000,21.000,2.000,2024.000,16.000,48.000,31.000
155.000,104.632,1002.676,14.780,1.213,244.095,20.060,224535.036,0.000,0.000,0.000,0.000,3.000,3.000,61.964,0.000,0.018,2.487,17.872,0.000,31.857,-0.000,0.361,0.000,0.033,15.127,13.009,0.147,0.000,0.000,0.000,0.000,0.000,0.000,0.000,21.000,2.000,2024.000,16.000,48.000,31.000
155.000,104.635,1002.677,14.780,1.213,244.102,20.061,224538.367,0.000,0.000,0.000,0.000,3.000,3.000,61.964,0.000,0.022,1.931,17.858,0.000,31.899,-0.000,2.270,0.000,0.033,15.125,13.191,0.147,0.000,0.000,0.000,0.000,0.000,0.000,0.000,21.000,2.000,2024.000,16.000,48.000,31.000
155.000,104.635,1002.677,14.780,1.213,244.102,20.061,224538.367,0.000,0.000,0.000,0.000,3.000,3.000,61.993,0.000,0.015,1.342,17.844,0.000,31.868,-0.000,0.063,0.000,0.033,15.122,13.876,0.147,0.000,0.000,0.000,0.000,0.000,0.000,0.000,21.000,2.000,2024.000,16.000,48.000,31.000
155.000,104.651,1002.679,14.780,1.213,244.139,20.062,224555.757,0.000,0.000,0.000,0.000,3.000,3.000,61.991,0.000,0.011,1.303,17.850,0.000,31.857,-0.000,-2.269,0.000,0.027,15.128,17.467,0.147,0.000,0.000,0.000,0.000,0.000,0.000,0.000,21.000,2.000,2024.000,16.000,48.000,31.000
155.000,104.651,1002.679,14.780,1.213,244.139,20.062,224555.757,0.000,0.000,0.000,0.000,3.000,3.000,61.999,0.000,0.024,2.585,17.861,0.000,31.843,-0.000,-2.013,0.000,0.033,15.137,17.800,0.147,0.000,0.000,0.000,0.000,0.000,0.000,0.000,21.000,2.000,2024.000,16.000,48.000,31.000
155.000,104.651,1002.678,14.780,1.213,244.139,20.062,224555.645,0.000,0.000,0.000,0.000,3.000,3.000,62.017,0.000,0.010,1.991,17.860,0.000,31.850,-0.000,1.961,0.000,0.027,15.132,12.365,0.147,0.000,0.000,0.000,0.000,0.000,0.000,0.000,21.000,2.000,2024.000,16.000,48.000,31.000
155.000,104.651,1002.678,14.780,1.213,244.139,20.062,224555.645,0.000,0.000,0.000,0.000,3.000,3.000,62.033,0.000,0.029,1.118,17.859,0.000,31.836,-0.000,2.403,0.000,0.038,15.121,13.163,0.147,0.000,0.000,0.000,0.000,0.000,0.000,0.000,21.000,2.000,2024.000,16.000,48.000,32.000
155.000,104.658,1002.681,14.780,1.213,244.155,20.063,224563.491,0.000,0.000,0.000,0.000,3.000,3.000,62.011,0.000,0.025,2.869,17.860,0.000,31.822,-0.000,-0.010,0.000,0.027,15.122,13.598,0.147,0.000,0.000,0.000,0.000,0.000,0.000,0.000,21.000,2.000,2024.000,16.000,48.000,32.000
155.000,104.658,1002.681,14.780,1.213,244.155,20.063,224563.491,0.000,0.000,0.000,0.000,3.000,3.000,62.013,0.000,0.025,4.439,17.864,0.000,31.826,-0.000,-0.816,0.000,0.038,15.126,16.363,0.147,0.000,0.000,0.000,0.000,0.000,0.000,0.000,21.000,2.000,2024.000,16.000,48.000,32.000
155.000,104.645,1002.686,14.780,1.213,244.125,20.061,224550.103,0.000,0.000,0.000,0.000,3.000,3.000,61.980,0.000,0.014,2.972,17.861,0.000,31.861,-0.000,-1.961,0.000,0.033,15.127,18.292,0.147,0.000,0.000,0.000,0.000,0.000,0.000,0.000,21.000,2.000,2024.000,16.000,48.000,32.000
155.000,104.645,1002.686,14.780,1.213,244.125,20.061,224550.103,0.000,0.000,0.000,0.000,3.000,3.000,61.980,0.000,0.020,1.402,17.826,0.000,31.889,-0.000,1.861,0.000,0.033,15.136,12.315,0.147,0.000,0.000,0.000,0.000,0.000,0.000,0.000,21.000,2.000,2024.000,16.000,48.000,32.000
155.000,104.625,1002.691,14.780,1.213,244.078,20.060,224529.205,0.000,0.000,0.000,0.000,3.000,3.000,62.011,0.000,0.011,1.587,17.826,0.000,31.847,-0.000,2.331,0.000,0.033,15.136,13.171,0.147,0.000,0.000,0.000,0.000,0.000,0.000,0.000,21.000,2.000,2024.000,16.000,48.000,32.000
155.000,104.625,1002.691,14.780,1.213,244.078,20.060,224529.205,0.000,0.000,0.000,0.000,3.000,3.000,62.043,0.000,0.029,2.111,17.847,0.000,31.805,-0.000,-1.707,0.000,0.027,15.133,12.717,0.147,0.000,0.000,0.000,0.000,0.000,0.000,0.000,21.000,2.000,2024.000,16.000,48.000,32.000
155.000,104.625,1002.691,14.780,1.213,244.078,20.060,224529.205,0.000,0.000,0.000,0.000,3.000,3.000,61.998,0.000,0.015,1.745,17.847,0.000,31.857,-0.000,-2.376,0.000,0.033,15.133,16.956,0.147,0.000,0.000,0.000,0.000,0.000,0.000,0.000,21.000,2.000,2024.000,16.000,48.000,32.000
155.000,104.614,1002.692,14.760,1.213,244.053,20.058,224537.433,0.000,0.000,0.000,0.000,3.000,3.000,61.958,0.000,0.038,1.145,17.843,0.000,31.833,-0.000,-1.975,0.000,0.027,15.134,18.371,0.147,0.000,0.000,0.000,0.000,0.000,0.000,0.000,21.000,2.000,2024.000,16.000,48.000,32.000
155.000,104.614,1002.692,14.760,1.213,244.053,20.058,224537.433,0.000,0.000,0.000,0.000,3.000,3.000,61.988,0.000,0.050,1.647,17.843,0.000,31.910,-0.000,2.054,0.000,0.033,15.134,12.411,0.147,0.000,0.000,0.000,0.000,0.000,0.000,0.000,21.000,2.000,2024.000,16.000,48.000,32.000
155.000,104.610,1002.697,14.780,1.213,244.043,20.058,224513.781,0.000,0.000,0.000,0.000,3.000,3.000,62.001,0.000,0.021,4.603,17.855,0.000,31.826,-0.000,2.345,0.000,0.033,15.127,13.221,0.147,0.000,0.000,0.000,0.000,0.000,0.000,0.000,21.000,2.000,2024.000,16.000,48.000,33.000
155.000,104.610,1002.697,14.780,1.213,244.043,20.058,224513.781,0.000,0.000,0.000,0.000,3.000,3.000,61.979,0.000,0.028,3.790,17.858,0.000,31.840,-0.000,1.582,0.000,0.033,15.125,14.260,0.147,0.000,0.000,0.000,0.000,0.000,0.000,0.000,21.000,2.000,2024.000,16.000,48.000,33.000
155.000,104.591,1002.701,14.780,1.213,243.999,20.056,224493.840,0.000,0.000,0.000,0.000,3.000,3.000,61.989,0.000,0.019,1.996,17.856,0.000,31.899,-0.000,-1.599,0.000,0.033,15.124,16.807,0.147,0.000,0.000,0.000,0.000,0.000,0.000,0.000,21.000,2.000,2024.000,16.000,48.000,33.000
155.000,104.591,1002.701,14.780,1.213,243.999,20.056,224493.840,0.000,0.000,0.000,0.000,3.000,3.000,61.976,0.000,0.013,1.189,17.855,0.000,31.861,-0.000,-1.162,0.000,0.033,15.123,17.805,0.147,0.000,0.000,0.000,0.000,0.000,0.000,0.000,21.000,2.000,2024.000,16.000,48.000,33.000
155.000,104.580,1002.703,14.780,1.213,243.973,20.055,224482.259,0.000,0.000,0.000,0.000,3.000,3.000,62.007,0.000,0.012,1.527,17.846,0.000,31.892,-0.000,1.863,0.000,0.038,15.121,12.206,0.147,0.000,0.000,0.000,0.000,0.000,0.000,0.000,21.000,2.000,2024.000,16.000,48.000,33.000
155.000,104.580,1002.703,14.780,1.213,243.973,20.055,224482.259,0.000,0.000,0.000,0.000,3.000,3.000,61.993,0.000,0.021,2.018,17.840,0.000,31.857,-0.000,3.091,0.000,0.033,15.120,13.714,0.147,0.000,0.000,0.000,0.000,0.000,0.000,0.000,21.000,2.000,2024.000,16.000,48.000,33.000
155.000,104.573,1002.702,14.780,1.213,243.957,20.054,224474.634,0.000,0.000,0.000,0.000,3.000,3.000,62.020,0.000,0.016,1.205,17.845,0.000,31.854,-0.000,0.100,0.000,0.044,15.121,13.935,0.147,0.000,0.000,0.000,0.000,0.000,0.000,0.000,21.000,2.000,2024.000,16.000,48.000,33.000
155.000,104.573,1002.702,14.780,1.213,243.957,20.054,224474.634,0.000,0.000,0.000,0.000,3.000,3.000,62.014,0.000,0.023,1.794,17.850,0.000,31.847,-0.000,-1.526,0.000,0.033,15.122,16.800,0.147,0.000,0.000,0.000,0.000,0.000,0.000,0.000,21.000,2.000,2024.000,16.000,48.000,33.000
155.000,104.559,1002.705,14.780,1.213,243.924,20.053,224459.944,0.000,0.000,0.000,0.000,3.000,3.000,61.963,0.000,0.015,3.948,17.853,0.000,31.861,-0.000,-1.968,0.000,0.033,15.125,17.547,0.147,0.000,0.000,0.000,0.000,0.000,0.000,0.000,21.000,2.000,2024.000,16.000,48.000,33.000
155.000,104.559,1002.705,14.780,1.213,243.924,20.053,224459.944,0.000,0.000,0.000,0.000,3.000,3.000,61.977,0.000,0.014,3.496,17.857,0.000,31.864,-0.000,1.470,0.000,0.033,15.129,11.742,0.147,0.000,0.000,0.000,0.000,0.000,0.000,0.000,21.000,2.000,2024.000,16.000,48.000,33.000
155.000,104.559,1002.705,14.780,1.213,243.924,20.053,224459.944,0.000,0.000,0.000,0.000,3.000,3.000,62.009,0.000,0.013,2.525,17.853,0.000,31.854,-0.000,2.502,0.000,0.027,15.123,13.518,0.147,0.000,0.000,0.000,0.000,0.000,0.000,0.000,21.000,2.000,2024.000,16.000,48.000,34.000
155.000,104.550,1002.705,14.780,1.213,243.903,20.052,224450.284,0.000,0.000,0.000,0.000,3.000,3.000,62.049,0.000,0.037,1.189,17.844,0.000,31.836,-0.000,0.102,0.000,0.033,15.109,13.940,0.147,0.000,0.000,0.000,0.000,0.000,0.000,0.000,21.000,2.000,2024.000,16.000,48.000,34.000
155.000,104.550,1002.705,14.780,1.213,243.903,20.052,224450.284,0.000,0.000,0.000,0.000,3.000,3.000,62.024,0.000,0.015,1.342,17.847,0.000,31.857,-0.000,-2.261,0.000,0.033,15.114,17.436,0.147,0.000,0.000,0.000,0.000,0.000,0.000,0.000,21.000,2.000,2024.000,16.000,48.000,34.000
155.000,104.538,1002.713,14.760,1.213,243.876,20.050,224458.211,0.000,0.000,0.000,0.000,3.000,3.000,62.009,0.000,0.016,2.498,17.856,0.000,31.840,-0.000,-1.997,0.000,0.033,15.136,17.967,0.147,0.000,0.000,0.000,0.000,0.000,0.000,0.000,21.000,2.000,2024.000,16.000,48.000,34.000
155.000,104.538,1002.713,14.760,1.213,243.876,20.050,224458.211,0.000,0.000,0.000,0.000,3.000,3.000,62.025,0.000,0.011,1.532,17.855,0.000,31.847,-0.000,2.045,0.000,0.033,15.136,12.536,0.147,0.000,0.000,0.000,0.000,0.000,0.000,0.000,21.000,2.000,2024.000,16.000,48.000,34.000
155.000,104.539,1002.716,14.760,1.213,243.878,20.050,224459.620,0.000,0.000,0.000,0.000,3.000,3.000,62.033,0.000,0.040,1.413,17.849,0.000,31.822,-0.000,3.037,0.000,0.027,15.138,13.401,0.147,0.000,0.000,0.000,0.000,0.000,0.000,0.000,21.000,2.000,2024.000,16.000,48.000,34.000
155.000,104.539,1002.716,14.760,1.213,243.878,20.050,224459.620,0.000,0.000,0.000,0.000,3.000,3.000,62.008,0.000,0.015,3.752,17.849,0.000,31.784,-0.000,0.783,0.000,0.038,15.138,14.172,0.147,0.000,0.000,0.000,0.000,0.000,0.000,0.000,21.000,2.000,2024.000,16.000,48.000,34.000
155.000,104.540,1002.723,14.760,1.213,243.880,20.050,224461.477,0.000,0.000,0.000,0.000,3.000,3.000,62.010,0.000,0.014,2.809,17.831,0.000,31.829,-0.000,-2.369,0.000,0.033,15.113,16.776,0.147,0.000,0.000,0.000,0.000,0.000,0.000,0.000,21.000,2.000,2024.000,16.000,48.000,34.000
155.000,104.540,1002.723,14.760,1.213,243.880,20.050,224461.477,0.000,0.000,0.000,0.000,3.000,3.000,61.993,0.000,0.035,1.598,17.831,0.000,31.836,-0.000,-3.953,0.000,0.033,15.113,19.006,0.147,0.000,0.000,0.000,0.000,0.000,0.000,0.000,21.000,2.000,2024.000,16.000,48.000,34.000
155.000,104.524,1002.726,14.760,1.213,243.843,20.049,224444.636,0.000,0.000,0.000,0.000,3.000,3.000,61.981,0.000,0.010,1.265,17.857,0.000,31.857,-0.000,2.180,0.000,0.038,15.109,12.764,0.147,0.000,0.000,0.000,0.000,0.000,0.000,0.000,21.000,2.000,2024.000,16.000,48.000,34.000
155.000,104.524,1002.726,14.760,1.213,243.843,20.049,224444.636,0.000,0.000,0.000,0.000,3.000,3.000,61.964,0.000,0.012,1.631,17.860,0.000,31.882,-0.000,2.252,0.000,0.038,15.109,13.096,0.147,0.000,0.000,0.000,0.000,0.000,0.000,0.000,21.000,2.000,2024.000,16.000,48.000,35.000
155.000,104.517,1002.728,14.760,1.213,243.827,20.048,224437.344,0.000,0.000,0.000,0.000,3.000,3.000,61.994,0.000,0.014,1.740,17.857,0.000,31.861,-0.000,0.002,0.000,0.033,15.132,13.702,0.147,0.000,0.000,0.000,0.000,0.000,0.000,0.000,21.000,2.000,2024.000,16.000,48.000,35.000
155.000,104.517,1002.728,14.760,1.213,243.827,20.048,224437.344,0.000,0.000,0.000,0.000,3.000,3.000,62.011,0.000,0.025,1.282,17.856,0.000,31.847,-0.000,-1.622,0.000,0.033,15.137,16.520,0.147,0.000,0.000,0.000,0.000,0.000,0.000,0.000,21.000,2.000,2024.000,16.000,48.000,35.000
155.000,104.517,1002.728,14.760,1.213,243.827,20.048,224437.344,0.000,0.000,0.000,0.000,3.000,3.000,61.976,0.000,0.027,1.892,17.871,0.000,31.864,-0.000,-6.247,0.000,0.033,15.141,17.916,0.147,0.000,0.000,0.000,0.000,0.000,0.000,0.000,21.000,2.000,2024.000,16.000,48.000,35.000
155.000,104.517,1002.732,14.760,1.213,243.827,20.048,224437.792,0.000,0.000,0.000,0.000,3.000,3.000,62.000,0.000,0.017,3.409,17.877,0.000,31.885,-0.000,1.617,0.000,0.033,15.142,13.444,0.147,0.000,0.000,0.000,0.000,0.000,0.000,0.000,21.000,2.000,2024.000,16.000,48.000,35.000
155.000,104.517,1002.732,14.760,1.213,243.827,20.048,224437.792,0.000,0.000,0.000,0.000,3.000,3.000,62.018,0.000,0.029,3.763,17.877,0.000,31.836,-0.000,2.509,0.000,0.038,15.139,14.137,0.147,0.000,0.000,0.000,0.000,0.000,0.000,0.000,21.000,2.000,2024.000,16.000,48.000,35.000
155.000,104.516,1002.730,14.760,1.213,243.824,20.048,224436.494,0.000,0.000,0.000,0.000,3.000,3.000,61.988,0.000,0.020,2.410,17.877,0.000,31.819,-0.000,0.717,0.000,0.033,15.138,13.524,0.147,0.000,0.000,0.000,0.000,0.000,0.000,0.000,21.000,2.000,2024.000,16.000,48.000,35.000
155.000,104.516,1002.730,14.760,1.213,243.824,20.048,224436.494,0.000,0.000,0.000,0.000,3.000,3.000,61.990,0.000,0.018,1.347,17.862,0.000,31.836,-0.000,-1.393,0.000,0.038,15.139,18.163,0.147,0.000,0.000,0.000,0.000,0.000,0.000,0.000,21.000,2.000,2024.000,16.000,48.000,35.000
155.000,104.509,1002.725,14.780,1.213,243.808,20.048,224408.510,0.000,0.000,0.000,0.000,3.000,3.000,62.027,0.000,0.034,1.216,17.846,0.000,31.840,-0.000,-3.838,0.000,0.038,15.140,18.117,0.147,0.000,0.000,0.000,0.000,0.000,0.000,0.000,21.000,2.000,2024.000,16.000,48.000,35.000
155.000,104.509,1002.725,14.780,1.213,243.808,20.048,224408.510,0.000,0.000,0.000,0.000,3.000,3.000,62.024,0.000,0.014,1.947,17.857,0.000,31.829,-0.000,2.076,0.000,0.033,15.129,12.628,0.147,0.000,0.000,0.000,0.000,0.000,0.000,0.000,21.000,2.000,2024.000,16.000,48.000,35.000
155.000,104.503,1002.724,14.760,1.213,243.794,20.047,224421.865,0.000,0.000,0.000,0.000,3.000,3.000,62.012,0.000,0.020,1.369,17.872,0.000,31.829,-0.000,3.019,0.000,0.033,15.113,13.405,0.147,0.000,0.000,0.000,0.000,0.000,0.000,0.000,21.000,2.000,2024.000,16.000,48.000,36.000
155.000,104.503,1002.724,14.760,1.213,243.794,20.047,224421.865,0.000,0.000,0.000,0.000,3.000,3.000,61.970,0.000,0.019,1.707,17.865,0.000,31.857,-0.000,0.025,0.000,0.027,15.121,13.489,0.147,0.000,0.000,0.000,0.000,0.000,0.000,0.000,21.000,2.000,2024.000,16.000,48.000,36.000
155.000,104.503,1002.724,14.760,1.213,243.794,20.047,224421.865,0.000,0.000,0.000,0.000,3.000,3.000,61.955,0.000,0.005,3.234,17.848,0.000,31.871,-0.000,-1.538,0.000,0.027,15.140,16.589,0.147,0.000,0.000,0.000,0.000,0.000,0.000,0.000,21.000,2.000,2024.000,16.000,48.000,36.000
155.000,104.485,1002.728,14.760,1.213,243.752,20.045,224402.985,0.000,0.000,0.000,0.000,3.000,3.000,62.005,0.000,0.017,4.461,17.848,0.000,31.847,-0.000,-2.034,0.000,0.033,15.142,17.834,0.147,0.000,0.000,0.000,0.000,0.000,0.000,0.000,21.000,2.000,2024.000,16.000,48.000,36.000
155.000,104.485,1002.728,14.760,1.213,243.752,20.045,224402.985,0.000,0.000,0.000,0.000,3.000,3.000,61.979,0.000,0.015,2.825,17.847,0.000,31.875,-0.000,1.712,0.000,0.033,15.154,12.080,0.147,0.000,0.000,0.000,0.000,0.000,0.000,0.000,21.000,2.000,2024.000,16.000,48.000,36.000
155.000,104.477,1002.731,14.760,1.213,243.733,20.044,224394.730,0.000,0.000,0.000,0.000,3.000,3.000,61.986,0.000,0.025,2.012,17.848,0.000,31.861,-0.000,2.393,0.000,0.033,15.149,13.317,0.147,0.000,0.000,0.000,0.000,0.000,0.000,0.000,21.000,2.000,2024.000,16.000,48.000,36.000
155.000,104.477,1002.731,14.760,1.213,243.733,20.044,224394.730,0.000,0.000,0.000,0.000,3.000,3.000,61.996,0.000,0.011,1.287,17.858,0.000,31.868,-0.000,0.100,0.000,0.033,15.103,14.055,0.147,0.000,0.000,0.000,0.000,0.000,0.000,0.000,21.000,2.000,2024.000,16.000,48.000,36.000
155.000,104.482,1002.732,14.760,1.213,243.745,20.045,224400.211,0.000,0.000,0.000,0.000,3.000,3.000,61.995,0.000,0.015,2.187,17.858,0.000,31.847,-0.000,-1.590,0.000,0.022,15.103,17.041,0.147,0.000,0.000,0.000,0.000,0.000,0.000,0.000,21.000,2.000,2024.000,16.000,48.000,36.000
155.000,104.482,1002.732,14.760,1.213,243.745,20.045,224400.211,0.000,0.000,0.000,0.000,3.000,3.000,61.998,0.000,0.015,2.470,17.868,0.000,31.875,-0.000,-3.850,0.000,0.038,15.132,17.728,0.147,0.000,0.000,0.000,0.000,0.000,0.000,0.000,21.000,2.000,2024.000,16.000,48.000,36.000
155.000,104.493,1002.732,14.760,1.213,243.771,20.046,224412.023,0.000,0.000,0.000,0.000,3.000,3.000,62.015,0.000,0.015,1.429,17.868,0.000,31.850,-0.000,1.826,0.000,0.033,15.132,12.238,0.147,0.000,0.000,0.000,0.000,0.000,0.000,0.000,21.000,2.000,2024.000,16.000,48.000,36.000
155.000,104.493,1002.732,14.760,1.213,243.771,20.046,224412.023,0.000,0.000,0.000,0.000,3.000,3.000,61.998,0.000,0.021,2.847,17.888,0.000,31.840,-0.000,3.919,0.000,0.033,15.124,13.027,0.147,0.000,0.000,0.000,0.000,0.000,0.000,0.000,21.000,2.000,2024.000,16.000,48.000,37.000
155.000,104.488,1002.732,14.760,1.213,243.759,20.045,224406.654,0.000,0.000,0.000,0.000,3.000,3.000,61.989,0.000,0.019,4.265,17.890,0.000,31.861,-0.000,0.954,0.000,0.038,15.123,13.876,0.147,0.000,0.000,0.000,0.000,0.000,0.000,0.000,21.000,2.000,2024.000,16.000,48.000,37.000
155.000,104.488,1002.732,14.760,1.213,243.759,20.045,224406.654,0.000,0.000,0.000,0.000,3.000,3.000,62.014,0.000,0.013,2.372,17.858,0.000,31.836,-0.000,-2.249,0.000,0.033,15.129,17.650,0.147,0.000,0.000,0.000,0.000,0.000,0.000,0.000,21.000,2.000,2024.000,16.000,48.000,37.000
155.000,104.485,1002.734,14.760,1.213,243.752,20.045,224403.656,0.000,0.000,0.000,0.000,3.000,3.000,62.012,0.000,0.014,1.745,17.851,0.000,31.840,-0.000,-6.146,0.000,0.033,15.130,17.576,0.147,0.000,0.000,0.000,0.000,0.000,0.000,0.000,21.000,2.000,2024.000,16.000,48.000,37.000
155.000,104.485,1002.734,14.760,1.213,243.752,20.045,224403.656,0.000,0.000,0.000,0.000,3.000,3.000,62.012,0.000,0.016,1.249,17.860,0.000,31.847,-0.000,1.934,0.000,0.033,15.111,12.282,0.147,0.000,0.000,0.000,0.000,0.000,0.000,0.000,21.000,2.000,2024.000,16.000,48.000,37.000
155.000,104.485,1002.734,14.760,1.213,243.752,20.045,224403.656,0.000,0.000,0.000,0.000,3.000,3.000,62.007,0.000,0.020,1.538,17.864,0.000,31.843,-0.000,2.420,0.000,0.033,15.103,13.234,0.147,0.000,0.000,0.000,0.000,0.000,0.000,0.000,21.000,2.000,2024.000,16.000,48.000,37.000
155.000,104.495,1002.736,14.760,1.213,243.775,20.046,224414.618,0.000,0.000,0.000,0.000,3.000,3.000,62.013,0.000,0.008,1.952,17.859,0.000,31.836,-0.000,0.007,0.000,0.033,15.116,13.800,0.147,0.000,0.000,0.000,0.000,0.000,0.000,0.000,21.000,2.000,2024.000,16.000,48.000,37.000
155.000,104.495,1002.736,14.760,1.213,243.775,20.046,224414.618,0.000,0.000,0.000,0.000,3.000,3.000,61.992,0.000,0.018,1.243,17.855,0.000,31.840,-0.000,-1.576,0.000,0.038,15.125,16.563,0.147,0.000,0.000,0.000,0.000,0.000,0.000,0.000,21.000,2.000,2024.000,16.000,48.000,37.000
155.000,104.503,1002.735,14.760,1.213,243.794,20.047,224423.096,0.000,0.000,0.000,0.000,3.000,3.000,61.984,0.000,0.037,1.216,17.849,0.000,31.861,-0.000,-3.851,0.000,0.027,15.127,18.175,0.147,0.000,0.000,0.000,0.000,0.000,0.000,0.000,21.000,2.000,2024.000,16.000,48.000,37.000
155.000,104.503,1002.735,14.760,1.213,243.794,20.047,224423.096,0.000,0.000,0.000,0.000,3.000,3.000,62.014,0.000,0.016,2.743,17.843,0.000,31.903,-0.000,1.725,0.000,0.027,15.129,12.168,0.147,0.000,0.000,0.000,0.000,0.000,0.000,0.000,21.000,2.000,2024.000,16.000,48.000,37.000
155.000,104.508,1002.734,14.760,1.213,243.806,20.047,224428.353,0.000,0.000,0.000,0.000,3.000,3.000,61.973,0.000,0.023,4.527,17.857,0.000,31.829,-0.000,1.136,0.000,0.033,15.132,12.735,0.147,0.000,0.000,0.000,0.000,0.000,0.000,0.000,21.000,2.000,2024.000,16.000,48.000,38.000
155.000,104.508,1002.734,14.760,1.213,243.806,20.047,224428.353,0.000,0.000,0.000,0.000,3.000,3.000,62.002,0.000,0.015,3.158,17.878,0.000,31.868,-0.000,0.033,0.000,0.033,15.135,13.920,0.147,0.000,0.000,0.000,0.000,0.000,0.000,0.000,21.000,2.000,2024.000,16.000,48.000,38.000
155.000,104.516,1002.726,14.760,1.213,243.824,20.048,224436.047,0.000,0.000,0.000,0.000,3.000,3.000,62.018,0.000,0.019,1.227,17.874,0.000,31.833,-0.000,-1.561,0.000,0.038,15.132,16.934,0.147,0.000,0.000,0.000,0.000,0.000,0.000,0.000,21.000,2.000,2024.000,16.000,48.000,38.000
155.000,104.516,1002.726,14.760,1.213,243.824,20.048,224436.047,0.000,0.000,0.000,0.000,3.000,3.000,62.029,0.000,0.027,1.827,17.864,0.000,31.822,-0.000,-3.961,0.000,0.038,15.125,18.260,0.147,0.000,0.000,0.000,0.000,0.000,0.000,0.000,21.000,2.000,2024.000,16.000,48.000,38.000
155.000,104.528,1002.721,14.760,1.213,243.852,20.049,224448.371,0.000,0.000,0.000,0.000,3.000,3.000,62.006,0.000,0.010,1.232,17.863,0.000,31.836,-0.000,2.117,0.000,0.033,15.123,12.511,0.147,0.000,0.000,0.000,0.000,0.000,0.000,0.000,21.000,2.000,2024.000,16.000,48.000,38.000
155.000,104.528,1002.721,14.760,1.213,243.852,20.049,224448.371,0.000,0.000,0.000,0.000,3.000,3.000,62.035,0.000,0.019,1.429,17.857,0.000,31.836,-0.000,2.333,0.000,0.033,15.117,13.086,0.147,0.000,0.000,0.000,0.000,0.000,0.000,0.000,21.000,2.000,2024.000,16.000,48.000,38.000
155.000,104.528,1002.721,14.760,1.213,243.852,20.049,224448.371,0.000,0.000,0.000,0.000,3.000,3.000,62.012,0.000,0.022,1.909,17.856,0.000,31.833,-0.000,0.660,0.000,0.033,15.118,13.136,0.147,0.000,0.000,0.000,0.000,0.000,0.000,0.000,21.000,2.000,2024.000,16.000,48.000,38.000
155.000,104.540,1002.721,14.760,1.213,243.880,20.050,224461.253,0.000,0.000,0.000,0.000,3.000,3.000,61.954,0.000,0.021,1.353,17.851,0.000,31.868,-0.000,-2.286,0.000,0.033,15.126,16.973,0.147,0.000,0.000,0.000,0.000,0.000,0.000,0.000,21.000,2.000,2024.000,16.000,48.000,38.000
155.000,104.540,1002.721,14.760,1.213,243.880,20.050,224461.253,0.000,0.000,0.000,0.000,3.000,3.000,61.969,0.000,0.028,1.091,17.851,0.000,31.896,-0.000,-3.833,0.000,0.027,15.126,18.198,0.147,0.000,0.000,0.000,0.000,0.000,0.000,0.000,21.000,2.000,2024.000,16.000,48.000,38.000
155.000,104.542,1002.722,14.760,1.213,243.885,20.051,224463.512,0.000,0.000,0.000,0.000,3.000,3.000,61.987,0.000,0.021,3.823,17.847,0.000,31.847,-0.000,2.803,0.000,0.033,15.138,11.466,0.147,0.000,0.000,0.000,0.000,0.000,0.000,0.000,21.000,2.000,2024.000,16.000,48.000,38.000
