152.000,414.436,1003.634,15.540,1.211,971.248,40.049,446596.679,0.000,0.000,0.000,0.000,3.000,3.000,122.998,0.000,0.023,16.945,27.324,0.000,33.580,-0.000,-0.393,0.000,0.033,15.707,6.172,0.150,0.000,0.000,0.000,0.000,0.000,0.000,0.000,21.000,2.000,2024.000,16.000,10.000,46.000
152.000,414.417,1003.633,15.560,1.211,971.203,40.049,446546.646,0.000,0.000,0.000,0.000,3.000,3.000,122.997,0.000,0.014,18.810,27.326,0.000,33.580,-0.000,-2.561,0.000,0.038,15.709,10.126,0.150,0.000,0.000,0.000,0.000,0.000,0.000,0.000,21.000,2.000,2024.000,16.000,10.000,46.000
152.000,414.417,1003.633,15.560,1.211,971.203,40.049,446546.646,0.000,0.000,0.000,0.000,3.000,3.000,123.002,0.000,0.014,19.562,27.346,0.000,33.569,-0.000,1.972,0.000,0.038,15.726,11.984,0.150,0.000,0.000,0.000,0.000,0.000,0.000,0.000,21.000,2.000,2024.000,16.000,10.000,46.000
152.000,414.417,1003.633,15.560,1.211,971.203,40.049,446546.646,0.000,0.000,0.000,0.000,3.000,3.000,122.998,0.000,0.017,18.979,27.346,0.000,33.569,-0.000,0.262,0.000,0.033,15.726,4.459,0.150,0.000,0.000,0.000,0.000,0.000,0.000,0.000,21.000,2.000,2024.000,16.000,10.000,46.000
152.000,414.390,1003.632,15.560,1.211,971.139,40.048,446531.766,0.000,0.000,0.000,0.000,3.000,3.000,123.001,0.000,0.007,18.024,27.336,0.000,33.538,-0.000,-2.516,0.000,0.027,15.733,14.775,0.150,0.000,0.000,0.000,0.000,0.000,0.000,0.000,21.000,2.000,2024.000,16.000,10.000,46.000
152.000,414.390,1003.632,15.560,1.211,971.139,40.048,446531.766,0.000,0.000,0.000,0.000,3.000,3.000,123.002,0.000,0.013,18.068,27.336,0.000,33.559,-0.000,1.314,0.000,0.027,15.733,6.702,0.150,0.000,0.000,0.000,0.000,0.000,0.000,0.000,21.000,2.000,2024.000,16.000,10.000,46.000
152.000,414.373,1003.628,15.560,1.211,971.099,40.047,446521.646,0.000,0.000,0.000,0.000,3.000,3.000,122.998,0.000,0.011,14.370,27.347,0.000,33.562,-0.000,0.117,0.000,0.038,15.720,10.740,0.150,0.000,0.000,0.000,0.000,0.000,0.000,0.000,21.000,2.000,2024.000,16.000,10.000,46.000
152.000,414.373,1003.628,15.560,1.211,971.099,40.047,446521.646,0.000,0.000,0.000,0.000,3.000,3.000,122.995,0.000,0.016,15.919,27.348,0.000,33.544,-0.000,-1.490,0.000,0.033,15.719,12.925,0.150,0.000,0.000,0.000,0.000,0.000,0.000,0.000,21.000,2.000,2024.000,16.000,10.000,47.000
152.000,414.347,1003.628,15.560,1.211,971.038,40.046,446507.530,0.000,0.000,0.000,0.000,3.000,3.000,123.008,0.000,0.015,15.957,27.338,0.000,33.562,-0.000,-0.660,0.000,0.033,15.722,4.803,0.150,0.000,0.000,0.000,0.000,0.000,0.000,0.000,21.000,2.000,2024.000,16.000,10.000,47.000
152.000,414.347,1003.628,15.560,1.211,971.038,40.046,446507.530,0.000,0.000,0.000,0.000,3.000,3.000,123.008,0.000,0.011,18.057,27.336,0.000,33.562,-0.000,2.109,0.000,0.033,15.723,14.171,0.150,0.000,0.000,0.000,0.000,0.000,0.000,0.000,21.000,2.000,2024.000,16.000,10.000,47.000
152.000,414.337,1003.626,15.560,1.211,971.014,40.045,446501.656,0.000,0.000,0.000,0.000,3.000,3.000,122.994,0.000,0.019,19.131,27.338,0.000,33.572,-0.000,-0.512,0.000,0.038,15.715,6.547,0.150,0.000,0.000,0.000,0.000,0.000,0.000,0.000,21.000,2.000,2024.000,16.000,10.000,47.000
152.000,414.337,1003.626,15.560,1.211,971.014,40.045,446501.656,0.000,0.000,0.000,0.000,3.000,3.000,123.008,0.000,0.018,19.371,27.339,0.000,33.551,-0.000,-2.574,0.000,0.033,15.712,10.029,0.150,0.000,0.000,0.000,0.000,0.000,0.000,0.000,21.000,2.000,2024.000,16.000,10.000,47.000
152.000,414.347,1003.625,15.560,1.211,971.038,40.046,446506.863,0.000,0.000,0.000,0.000,3.000,3.000,123.001,0.000,0.014,18.401,27.339,0.000,33.569,-0.000,1.995,0.000,0.033,15.719,12.028,0.150,0.000,0.000,0.000,0.000,0.000,0.000,0.000,21.000,2.000,2024.000,16.000,10.000,47.000
152.000,414.347,1003.625,15.560,1.211,971.038,40.046,446506.863,0.000,0.000,0.000,0.000,3.000,3.000,123.000,0.000,0.023,17.501,27.338,0.000,33.559,-0.000,0.242,0.000,0.033,15.723,4.400,0.150,0.000,0.000,0.000,0.000,0.000,0.000,0.000,21.000,2.000,2024.000,16.000,10.000,47.000
152.000,414.334,1003.626,15.560,1.211,971.007,40.045,446500.027,0.000,0.000,0.000,0.000,3.000,3.000,123.008,0.000,0.020,16.361,27.348,0.000,33.587,-0.000,-1.155,0.000,0.033,15.716,14.743,0.150,0.000,0.000,0.000,0.000,0.000,0.000,0.000,21.000,2.000,2024.000,16.000,10.000,47.000
152.000,414.334,1003.626,15.560,1.211,971.007,40.045,446500.027,0.000,0.000,0.000,0.000,3.000,3.000,123.001,0.000,0.013,14.338,27.357,0.000,33.559,-0.000,1.549,0.000,0.033,15.709,6.879,0.150,0.000,0.000,0.000,0.000,0.000,0.000,0.000,21.000,2.000,2024.000,16.000,10.000,47.000
152.000,414.334,1003.626,15.560,1.211,971.007,40.045,446500.027,0.000,0.000,0.000,0.000,3.000,3.000,122.998,0.000,0.008,14.054,27.352,0.000,33.580,-0.000,0.063,0.000,0.033,15.704,10.547,0.150,0.000,0.000,0.000,0.000,0.000,0.000,0.000,21.000,2.000,2024.000,16.000,10.000,47.000
152.000,414.344,1003.626,15.540,1.211,971.031,40.044,446544.947,0.000,0.000,0.000,0.000,3.000,3.000,122.998,0.000,0.017,15.063,27.344,0.000,33.548,-0.000,-1.528,0.000,0.033,15.696,13.099,0.150,0.000,0.000,0.000,0.000,0.000,0.000,0.000,21.000,2.000,2024.000,16.000,10.000,48.000
152.000,414.344,1003.626,15.540,1.211,971.031,40.044,446544.947,0.000,0.000,0.000,0.000,3.000,3.000,123.001,0.000,0.020,17.904,27.349,0.000,33.544,-0.000,-0.193,0.000,0.038,15.703,5.126,0.150,0.000,0.000,0.000,0.000,0.000,0.000,0.000,21.000,2.000,2024.000,16.000,10.000,48.000
152.000,414.325,1003.627,15.560,1.211,970.986,40.045,446495.363,0.000,0.000,0.000,0.000,3.000,3.000,123.001,0.000,0.017,19.410,27.359,0.000,33.569,-0.000,2.060,0.000,0.033,15.719,14.197,0.150,0.000,0.000,0.000,0.000,0.000,0.000,0.000,21.000,2.000,2024.000,16.000,10.000,48.000
152.000,414.325,1003.627,15.560,1.211,970.986,40.045,446495.363,0.000,0.000,0.000,0.000,3.000,3.000,122.996,0.000,0.020,19.006,27.361,0.000,33.559,-0.000,-0.623,0.000,0.033,15.719,6.655,0.150,0.000,0.000,0.000,0.000,0.000,0.000,0.000,21.000,2.000,2024.000,16.000,10.000,48.000
152.000,414.311,1003.629,15.560,1.211,970.953,40.044,446488.207,0.000,0.000,0.000,0.000,3.000,3.000,122.997,0.000,0.019,17.828,27.371,0.000,33.551,-0.000,-2.560,0.000,0.038,15.717,10.061,0.150,0.000,0.000,0.000,0.000,0.000,0.000,0.000,21.000,2.000,2024.000,16.000,10.000,48.000
152.000,414.311,1003.629,15.560,1.211,970.953,40.044,446488.207,0.000,0.000,0.000,0.000,3.000,3.000,123.000,0.000,0.013,16.170,27.371,0.000,33.555,-0.000,1.841,0.000,0.027,15.716,11.962,0.150,0.000,0.000,0.000,0.000,0.000,0.000,0.000,21.000,2.000,2024.000,16.000,10.000,48.000
152.000,414.280,1003.629,15.560,1.211,970.880,40.043,446471.375,0.000,0.000,0.000,0.000,3.000,3.000,122.992,0.000,0.016,14.469,27.369,0.000,33.572,-0.000,-0.141,0.000,0.033,15.709,5.090,0.150,0.000,0.000,0.000,0.000,0.000,0.000,0.000,21.000,2.000,2024.000,16.000,10.000,48.000
152.000,414.280,1003.629,15.560,1.211,970.880,40.043,446471.375,0.000,0.000,0.000,0.000,3.000,3.000,123.001,0.000,0.010,14.670,27.369,0.000,33.572,-0.000,-2.338,0.000,0.033,15.709,14.696,0.150,0.000,0.000,0.000,0.000,0.000,0.000,0.000,21.000,2.000,2024.000,16.000,10.000,48.000
152.000,414.272,1003.629,15.560,1.211,970.861,40.042,446467.031,0.000,0.000,0.000,0.000,3.000,3.000,122.998,0.000,0.012,16.094,27.378,0.000,33.566,-0.000,0.911,0.000,0.027,15.700,6.347,0.150,0.000,0.000,0.000,0.000,0.000,0.000,0.000,21.000,2.000,2024.000,16.000,10.000,48.000
152.000,414.272,1003.629,15.560,1.211,970.861,40.042,446467.031,0.000,0.000,0.000,0.000,3.000,3.000,122.998,0.000,0.006,14.643,27.378,0.000,33.555,-0.000,1.128,0.000,0.033,15.700,9.938,0.150,0.000,0.000,0.000,0.000,0.000,0.000,0.000,21.000,2.000,2024.000,16.000,10.000,48.000
152.000,414.272,1003.629,15.560,1.211,970.861,40.042,446467.031,0.000,0.000,0.000,0.000,3.000,3.000,122.998,0.000,0.014,17.981,27.375,0.000,33.569,-0.000,-0.320,0.000,0.033,15.716,12.564,0.150,0.000,0.000,0.000,0.000,0.000,0.000,0.000,21.000,2.000,2024.000,16.000,10.000,49.000
152.000,414.265,1003.628,15.560,1.211,970.844,40.042,446463.008,0.000,0.000,0.000,0.000,3.000,3.000,122.999,0.000,0.019,18.739,27.374,0.000,33.555,-0.000,-0.296,0.000,0.033,15.718,5.263,0.150,0.000,0.000,0.000,0.000,0.000,0.000,0.000,21.000,2.000,2024.000,16.000,10.000,49.000
152.000,414.265,1003.628,15.560,1.211,970.844,40.042,446463.008,0.000,0.000,0.000,0.000,3.000,3.000,122.999,0.000,0.013,19.437,27.372,0.000,33.555,-0.000,0.964,0.000,0.027,15.735,14.324,0.150,0.000,0.000,0.000,0.000,0.000,0.000,0.000,21.000,2.000,2024.000,16.000,10.000,49.000
152.000,414.235,1003.626,15.560,1.211,970.773,40.041,446446.273,0.000,0.000,0.000,0.000,3.000,3.000,122.996,0.000,0.022,17.370,27.372,0.000,33.593,-0.000,-0.612,0.000,0.033,15.740,6.509,0.150,0.000,0.000,0.000,0.000,0.000,0.000,0.000,21.000,2.000,2024.000,16.000,10.000,49.000
152.000,414.235,1003.626,15.560,1.211,970.773,40.041,446446.273,0.000,0.000,0.000,0.000,3.000,3.000,122.997,0.000,0.015,14.910,27.362,0.000,33.572,-0.000,-2.548,0.000,0.033,15.723,10.162,0.150,0.000,0.000,0.000,0.000,0.000,0.000,0.000,21.000,2.000,2024.000,16.000,10.000,49.000
152.000,414.206,1003.626,15.560,1.211,970.705,40.039,446430.526,0.000,0.000,0.000,0.000,3.000,3.000,123.000,0.000,0.010,14.365,27.359,0.000,33.559,-0.000,1.968,0.000,0.033,15.717,11.926,0.150,0.000,0.000,0.000,0.000,0.000,0.000,0.000,21.000,2.000,2024.000,16.000,10.000,49.000
152.000,414.206,1003.626,15.560,1.211,970.705,40.039,446430.526,0.000,0.000,0.000,0.000,3.000,3.000,123.002,0.000,0.017,14.147,27.380,0.000,33.551,-0.000,0.362,0.000,0.033,15.718,4.429,0.150,0.000,0.000,0.000,0.000,0.000,0.000,0.000,21.000,2.000,2024.000,16.000,10.000,49.000
152.000,414.198,1003.626,15.560,1.211,970.686,40.039,446426.182,0.000,0.000,0.000,0.000,3.000,3.000,123.005,0.000,0.008,16.988,27.394,0.000,33.548,-0.000,-2.344,0.000,0.033,15.718,14.698,0.150,0.000,0.000,0.000,0.000,0.000,0.000,0.000,21.000,2.000,2024.000,16.000,10.000,49.000
152.000,414.198,1003.626,15.560,1.211,970.686,40.039,446426.182,0.000,0.000,0.000,0.000,3.000,3.000,123.006,0.000,0.014,17.779,27.381,0.000,33.544,-0.000,0.922,0.000,0.033,15.714,6.365,0.150,0.000,0.000,0.000,0.000,0.000,0.000,0.000,21.000,2.000,2024.000,16.000,10.000,49.000
152.000,414.219,1003.622,15.560,1.211,970.736,40.040,446436.696,0.000,0.000,0.000,0.000,3.000,3.000,123.003,0.000,0.011,18.799,27.368,0.000,33.559,-0.000,1.147,0.000,0.027,15.709,9.794,0.150,0.000,0.000,0.000,0.000,0.000,0.000,0.000,21.000,2.000,2024.000,16.000,10.000,49.000
152.000,414.219,1003.622,15.560,1.211,970.736,40.040,446436.696,0.000,0.000,0.000,0.000,3.000,3.000,123.001,0.000,0.018,18.902,27.367,0.000,33.559,-0.000,-1.362,0.000,0.038,15.713,13.120,0.150,0.000,0.000,0.000,0.000,0.000,0.000,0.000,21.000,2.000,2024.000,16.000,10.000,50.000
152.000,414.241,1003.621,15.560,1.211,970.788,40.041,446448.419,0.000,0.000,0.000,0.000,3.000,3.000,123.000,0.000,0.017,18.984,27.367,0.000,33.566,-0.000,-0.143,0.000,0.033,15.719,5.139,0.150,0.000,0.000,0.000,0.000,0.000,0.000,0.000,21.000,2.000,2024.000,16.000,10.000,50.000
152.000,414.241,1003.621,15.560,1.211,970.788,40.041,446448.419,0.000,0.000,0.000,0.000,3.000,3.000,123.001,0.000,0.013,18.892,27.375,0.000,33.576,-0.000,1.134,0.000,0.033,15.718,14.319,0.150,0.000,0.000,0.000,0.000,0.000,0.000,0.000,21.000,2.000,2024.000,16.000,10.000,50.000
152.000,414.241,1003.621,15.560,1.211,970.788,40.041,446448.419,0.000,0.000,0.000,0.000,3.000,3.000,122.997,0.000,0.025,16.268,27.394,0.000,33.562,-0.000,-0.706,0.000,0.038,15.718,6.512,0.150,0.000,0.000,0.000,0.000,0.000,0.000,0.000,21.000,2.000,2024.000,16.000,10.000,50.000
152.000,414.257,1003.620,15.560,1.211,970.825,40.042,446456.885,0.000,0.000,0.000,0.000,3.000,3.000,123.005,0.000,0.015,14.659,27.394,0.000,33.544,-0.000,-1.473,0.000,0.033,15.718,10.832,0.150,0.000,0.000,0.000,0.000,0.000,0.000,0.000,21.000,2.000,2024.000,16.000,10.000,50.000
152.000,414.257,1003.620,15.560,1.211,970.825,40.042,446456.885,0.000,0.000,0.000,0.000,3.000,3.000,122.999,0.000,0.011,14.469,27.393,0.000,33.562,-0.000,1.896,0.000,0.033,15.721,12.009,0.150,0.000,0.000,0.000,0.000,0.000,0.000,0.000,21.000,2.000,2024.000,16.000,10.000,50.000
152.000,414.269,1003.623,15.560,1.211,970.854,40.042,446464.068,0.000,0.000,0.000,0.000,3.000,3.000,123.000,0.000,0.015,17.070,27.395,0.000,33.541,-0.000,-0.065,0.000,0.033,15.721,4.927,0.150,0.000,0.000,0.000,0.000,0.000,0.000,0.000,21.000,2.000,2024.000,16.000,10.000,50.000
152.000,414.269,1003.623,15.560,1.211,970.854,40.042,446464.068,0.000,0.000,0.000,0.000,3.000,3.000,122.999,0.000,0.008,18.886,27.406,0.000,33.569,-0.000,-2.364,0.000,0.033,15.726,14.619,0.150,0.000,0.000,0.000,0.000,0.000,0.000,0.000,21.000,2.000,2024.000,16.000,10.000,50.000
152.000,414.281,1003.627,15.560,1.211,970.882,40.043,446471.473,0.000,0.000,0.000,0.000,3.000,3.000,123.003,0.000,0.014,18.232,27.406,0.000,33.551,-0.000,1.487,0.000,0.038,15.726,6.799,0.150,0.000,0.000,0.000,0.000,0.000,0.000,0.000,21.000,2.000,2024.000,16.000,10.000,50.000
152.000,414.281,1003.627,15.560,1.211,970.882,40.043,446471.473,0.000,0.000,0.000,0.000,3.000,3.000,122.999,0.000,0.014,18.619,27.370,0.000,33.566,-0.000,1.092,0.000,0.027,15.715,9.808,0.150,0.000,0.000,0.000,0.000,0.000,0.000,0.000,21.000,2.000,2024.000,16.000,10.000,50.000
152.000,414.282,1003.627,15.560,1.211,970.884,40.043,446472.016,0.000,0.000,0.000,0.000,3.000,3.000,122.999,0.000,0.017,18.575,27.370,0.000,33.551,-0.000,-1.611,0.000,0.033,15.715,13.075,0.150,0.000,0.000,0.000,0.000,0.000,0.000,0.000,21.000,2.000,2024.000,16.000,10.000,51.000
152.000,414.282,1003.627,15.560,1.211,970.884,40.043,446472.016,0.000,0.000,0.000,0.000,3.000,3.000,122.997,0.000,0.015,17.730,27.383,0.000,33.580,-0.000,-0.193,0.000,0.033,15.702,5.111,0.150,0.000,0.000,0.000,0.000,0.000,0.000,0.000,21.000,2.000,2024.000,16.000,10.000,51.000
152.000,414.244,1003.629,15.560,1.211,970.795,40.041,446451.828,0.000,0.000,0.000,0.000,3.000,3.000,123.002,0.000,0.010,15.418,27.384,0.000,33.551,-0.000,1.075,0.000,0.033,15.700,14.308,0.150,0.000,0.000,0.000,0.000,0.000,0.000,0.000,21.000,2.000,2024.000,16.000,10.000,51.000
152.000,414.244,1003.629,15.560,1.211,970.795,40.041,446451.828,0.000,0.000,0.000,0.000,3.000,3.000,123.000,0.000,0.025,15.297,27.400,0.000,33.569,-0.000,-0.545,0.000,0.033,15.714,6.730,0.150,0.000,0.000,0.000,0.000,0.000,0.000,0.000,21.000,2.000,2024.000,16.000,10.000,51.000
152.000,414.244,1003.629,15.560,1.211,970.795,40.041,446451.828,0.000,0.000,0.000,0.000,3.000,3.000,123.001,0.000,0.014,14.501,27.404,0.000,33.541,-0.000,-1.447,0.000,0.038,15.717,10.819,0.150,0.000,0.000,0.000,0.000,0.000,0.000,0.000,21.000,2.000,2024.000,16.000,10.000,51.000
152.000,414.219,1003.626,15.560,1.211,970.736,40.040,446437.585,0.000,0.000,0.000,0.000,3.000,3.000,123.008,0.000,0.014,16.241,27.396,0.000,33.541,-0.000,1.906,0.000,0.038,15.715,12.061,0.150,0.000,0.000,0.000,0.000,0.000,0.000,0.000,21.000,2.000,2024.000,16.000,10.000,51.000
152.000,414.219,1003.626,15.560,1.211,970.736,40.040,446437.585,0.000,0.000,0.000,0.000,3.000,3.000,123.000,0.000,0.014,18.990,27.393,0.000,33.562,-0.000,0.381,0.000,0.038,15.714,4.330,0.150,0.000,0.000,0.000,0.000,0.000,0.000,0.000,21.000,2.000,2024.000,16.000,10.000,51.000
152.000,414.211,1003.626,15.560,1.211,970.717,40.039,446433.241,0.000,0.000,0.000,0.000,3.000,3.000,123.004,0.000,0.005,18.264,27.392,0.000,33.562,-0.000,-2.271,0.000,0.033,15.720,14.589,0.150,0.000,0.000,0.000,0.000,0.000,0.000,0.000,21.000,2.000,2024.000,16.000,10.000,51.000
152.000,414.211,1003.626,15.560,1.211,970.717,40.039,446433.241,0.000,0.000,0.000,0.000,3.000,3.000,123.001,0.000,0.012,18.739,27.391,0.000,33.583,-0.000,1.653,0.000,0.033,15.725,6.824,0.150,0.000,0.000,0.000,0.000,0.000,0.000,0.000,21.000,2.000,2024.000,16.000,10.000,51.000
152.000,414.227,1003.623,15.560,1.211,970.754,40.040,446441.262,0.000,0.000,0.000,0.000,3.000,3.000,123.000,0.000,0.008,17.697,27.388,0.000,33.572,-0.000,0.246,0.000,0.033,15.728,10.540,0.150,0.000,0.000,0.000,0.000,0.000,0.000,0.000,21.000,2.000,2024.000,16.000,10.000,51.000
152.000,414.227,1003.623,15.560,1.211,970.754,40.040,446441.262,0.000,0.000,0.000,0.000,3.000,3.000,122.998,0.000,0.018,16.208,27.386,0.000,33.572,-0.000,-0.505,0.000,0.027,15.731,12.667,0.150,0.000,0.000,0.000,0.000,0.000,0.000,0.000,21.000,2.000,2024.000,16.000,10.000,52.000
152.000,414.225,1003.623,15.560,1.211,970.750,40.040,446440.176,0.000,0.000,0.000,0.000,3.000,3.000,123.001,0.000,0.015,14.910,27.394,0.000,33.541,-0.000,-0.299,0.000,0.038,15.730,5.123,0.150,0.000,0.000,0.000,0.000,0.000,0.000,0.000,21.000,2.000,2024.000,16.000,10.000,52.000
152.000,414.225,1003.623,15.560,1.211,970.750,40.040,446440.176,0.000,0.000,0.000,0.000,3.000,3.000,122.999,0.000,0.011,14.578,27.407,0.000,33.541,-0.000,1.937,0.000,0.033,15.729,14.205,0.150,0.000,0.000,0.000,0.000,0.000,0.000,0.000,21.000,2.000,2024.000,16.000,10.000,52.000
152.000,414.207,1003.623,15.560,1.211,970.707,40.039,446430.402,0.000,0.000,0.000,0.000,3.000,3.000,122.993,0.000,0.019,14.381,27.407,0.000,33.527,-0.000,-0.527,0.000,0.027,15.724,6.657,0.150,0.000,0.000,0.000,0.000,0.000,0.000,0.000,21.000,2.000,2024.000,16.000,10.000,52.000
152.000,414.207,1003.623,15.560,1.211,970.707,40.039,446430.402,0.000,0.000,0.000,0.000,3.000,3.000,123.004,0.000,0.018,14.959,27.409,0.000,33.548,-0.000,-2.431,0.000,0.033,15.714,9.955,0.150,0.000,0.000,0.000,0.000,0.000,0.000,0.000,21.000,2.000,2024.000,16.000,10.000,52.000
152.000,414.208,1003.625,15.560,1.211,970.710,40.039,446431.390,0.000,0.000,0.000,0.000,3.000,3.000,123.006,0.000,0.011,15.603,27.412,0.000,33.569,-0.000,2.919,0.000,0.033,15.715,12.430,0.150,0.000,0.000,0.000,0.000,0.000,0.000,0.000,21.000,2.000,2024.000,16.000,10.000,52.000
152.000,414.208,1003.625,15.560,1.211,970.710,40.039,446431.390,0.000,0.000,0.000,0.000,3.000,3.000,122.999,0.000,0.017,18.084,27.422,0.000,33.576,-0.000,0.255,0.000,0.033,15.721,4.336,0.150,0.000,0.000,0.000,0.000,0.000,0.000,0.000,21.000,2.000,2024.000,16.000,10.000,52.000
152.000,414.208,1003.625,15.560,1.211,970.710,40.039,446431.390,0.000,0.000,0.000,0.000,3.000,3.000,123.002,0.000,0.011,18.908,27.422,0.000,33.559,-0.000,-2.408,0.000,0.027,15.722,14.573,0.150,0.000,0.000,0.000,0.000,0.000,0.000,0.000,21.000,2.000,2024.000,16.000,10.000,52.000
152.000,414.219,1003.625,15.560,1.211,970.736,40.040,446437.363,0.000,0.000,0.000,0.000,3.000,3.000,123.002,0.000,0.010,18.259,27.429,0.000,33.562,-0.000,1.636,0.000,0.033,15.735,6.920,0.150,0.000,0.000,0.000,0.000,0.000,0.000,0.000,21.000,2.000,2024.000,16.000,10.000,52.000
152.000,414.219,1003.625,15.560,1.211,970.736,40.040,446437.363,0.000,0.000,0.000,0.000,3.000,3.000,123.004,0.000,0.012,15.826,27.429,0.000,33.548,-0.000,0.211,0.000,0.033,15.735,10.533,0.150,0.000,0.000,0.000,0.000,0.000,0.000,0.000,21.000,2.000,2024.000,16.000,10.000,52.000
152.000,414.239,1003.628,15.560,1.211,970.783,40.041,446448.890,0.000,0.000,0.000,0.000,3.000,3.000,123.004,0.000,0.021,15.598,27.414,0.000,33.541,-0.000,-0.412,0.000,0.033,15.723,12.725,0.150,0.000,0.000,0.000,0.000,0.000,0.000,0.000,21.000,2.000,2024.000,16.000,10.000,53.000
152.000,414.239,1003.628,15.560,1.211,970.783,40.041,446448.890,0.000,0.000,0.000,0.000,3.000,3.000,123.002,0.000,0.013,14.136,27.414,0.000,33.544,-0.000,-0.119,0.000,0.027,15.723,5.090,0.150,0.000,0.000,0.000,0.000,0.000,0.000,0.000,21.000,2.000,2024.000,16.000,10.000,53.000
152.000,414.277,1003.629,15.560,1.211,970.873,40.043,446469.746,0.000,0.000,0.000,0.000,3.000,3.000,122.999,0.000,0.015,14.714,27.420,0.000,33.559,-0.000,1.979,0.000,0.027,15.718,14.061,0.150,0.000,0.000,0.000,0.000,0.000,0.000,0.000,21.000,2.000,2024.000,16.000,10.000,53.000
152.000,414.277,1003.629,15.560,1.211,970.873,40.043,446469.746,0.000,0.000,0.000,0.000,3.000,3.000,122.994,0.000,0.019,16.945,27.420,0.000,33.538,-0.000,-0.645,0.000,0.033,15.718,6.617,0.150,0.000,0.000,0.000,0.000,0.000,0.000,0.000,21.000,2.000,2024.000,16.000,10.000,53.000
152.000,414.283,1003.626,15.560,1.211,970.887,40.043,446472.337,0.000,0.000,0.000,0.000,3.000,3.000,123.010,0.000,0.013,17.125,27.420,0.000,33.569,-0.000,-2.610,0.000,0.033,15.723,9.994,0.150,0.000,0.000,0.000,0.000,0.000,0.000,0.000,21.000,2.000,2024.000,16.000,10.000,53.000
152.000,414.283,1003.626,15.560,1.211,970.887,40.043,446472.337,0.000,0.000,0.000,0.000,3.000,3.000,122.999,0.000,0.010,19.110,27.420,0.000,33.544,-0.000,2.836,0.000,0.027,15.724,12.393,0.150,0.000,0.000,0.000,0.000,0.000,0.000,0.000,21.000,2.000,2024.000,16.000,10.000,53.000
152.000,414.299,1003.625,15.560,1.211,970.924,40.044,446480.802,0.000,0.000,0.000,0.000,3.000,3.000,123.000,0.000,0.018,18.951,27.428,0.000,33.572,-0.000,0.178,0.000,0.033,15.718,4.335,0.150,0.000,0.000,0.000,0.000,0.000,0.000,0.000,21.000,2.000,2024.000,16.000,10.000,53.000
152.000,414.299,1003.625,15.560,1.211,970.924,40.044,446480.802,0.000,0.000,0.000,0.000,3.000,3.000,123.002,0.000,0.010,18.357,27.431,0.000,33.559,-0.000,-1.272,0.000,0.038,15.716,14.759,0.150,0.000,0.000,0.000,0.000,0.000,0.000,0.000,21.000,2.000,2024.000,16.000,10.000,53.000
152.000,414.299,1003.625,15.560,1.211,970.924,40.044,446480.802,0.000,0.000,0.000,0.000,3.000,3.000,123.000,0.000,0.013,18.564,27.421,0.000,33.555,-0.000,1.002,0.000,0.038,15.725,6.490,0.150,0.000,0.000,0.000,0.000,0.000,0.000,0.000,21.000,2.000,2024.000,16.000,10.000,53.000
152.000,414.301,1003.625,15.560,1.211,970.929,40.044,446481.888,0.000,0.000,0.000,0.000,3.000,3.000,123.001,0.000,0.014,15.297,27.414,0.000,33.544,-0.000,1.049,0.000,0.033,15.731,9.790,0.150,0.000,0.000,0.000,0.000,0.000,0.000,0.000,21.000,2.000,2024.000,16.000,10.000,53.000
152.000,414.301,1003.625,15.560,1.211,970.929,40.044,446481.888,0.000,0.000,0.000,0.000,3.000,3.000,123.004,0.000,0.024,14.518,27.419,0.000,33.538,-0.000,-0.526,0.000,0.033,15.721,12.715,0.150,0.000,0.000,0.000,0.000,0.000,0.000,0.000,21.000,2.000,2024.000,16.000,10.000,54.000
152.000,414.305,1003.623,15.560,1.211,970.939,40.044,446483.615,0.000,0.000,0.000,0.000,3.000,3.000,123.007,0.000,0.021,14.507,27.424,0.000,33.559,-0.000,-0.448,0.000,0.033,15.711,4.637,0.150,0.000,0.000,0.000,0.000,0.000,0.000,0.000,21.000,2.000,2024.000,16.000,10.000,54.000
152.000,414.305,1003.623,15.560,1.211,970.939,40.044,446483.615,0.000,0.000,0.000,0.000,3.000,3.000,123.003,0.000,0.018,17.986,27.420,0.000,33.566,-0.000,1.976,0.000,0.027,15.707,14.196,0.150,0.000,0.000,0.000,0.000,0.000,0.000,0.000,21.000,2.000,2024.000,16.000,10.000,54.000
152.000,414.296,1003.620,15.560,1.211,970.917,40.044,446478.061,0.000,0.000,0.000,0.000,3.000,3.000,122.999,0.000,0.022,18.422,27.414,0.000,33.583,-0.000,-0.403,0.000,0.033,15.701,6.382,0.150,0.000,0.000,0.000,0.000,0.000,0.000,0.000,21.000,2.000,2024.000,16.000,10.000,54.000
152.000,414.296,1003.620,15.560,1.211,970.917,40.044,446478.061,0.000,0.000,0.000,0.000,3.000,3.000,123.001,0.000,0.012,18.499,27.422,0.000,33.551,-0.000,-1.674,0.000,0.033,15.706,10.727,0.150,0.000,0.000,0.000,0.000,0.000,0.000,0.000,21.000,2.000,2024.000,16.000,10.000,54.000
152.000,414.301,1003.620,15.560,1.211,970.929,40.044,446480.776,0.000,0.000,0.000,0.000,3.000,3.000,123.000,0.000,0.016,18.319,27.441,0.000,33.562,-0.000,2.855,0.000,0.027,15.719,12.428,0.150,0.000,0.000,0.000,0.000,0.000,0.000,0.000,21.000,2.000,2024.000,16.000,10.000,54.000
152.000,414.301,1003.620,15.560,1.211,970.929,40.044,446480.776,0.000,0.000,0.000,0.000,3.000,3.000,123.000,0.000,0.018,17.534,27.443,0.000,33.534,-0.000,0.221,0.000,0.033,15.721,4.294,0.150,0.000,0.000,0.000,0.000,0.000,0.000,0.000,21.000,2.000,2024.000,16.000,10.000,54.000
152.000,414.305,1003.620,15.560,1.211,970.939,40.044,446482.947,0.000,0.000,0.000,0.000,3.000,3.000,123.001,0.000,0.016,16.525,27.452,0.000,33.544,-0.000,-1.227,0.000,0.033,15.729,14.721,0.150,0.000,0.000,0.000,0.000,0.000,0.000,0.000,21.000,2.000,2024.000,16.000,10.000,54.000
152.000,414.305,1003.620,15.560,1.211,970.939,40.044,446482.947,0.000,0.000,0.000,0.000,3.000,3.000,122.998,0.000,0.010,15.047,27.452,0.000,33.541,-0.000,1.659,0.000,0.033,15.729,6.962,0.150,0.000,0.000,0.000,0.000,0.000,0.000,0.000,21.000,2.000,2024.000,16.000,10.000,54.000
152.000,414.315,1003.621,15.560,1.211,970.962,40.045,446488.599,0.000,0.000,0.000,0.000,3.000,3.000,123.000,0.000,0.006,15.750,27.457,0.000,33.559,-0.000,1.270,0.000,0.033,15.726,9.692,0.150,0.000,0.000,0.000,0.000,0.000,0.000,0.000,21.000,2.000,2024.000,16.000,10.000,54.000
152.000,414.315,1003.621,15.560,1.211,970.962,40.045,446488.599,0.000,0.000,0.000,0.000,3.000,3.000,122.993,0.000,0.022,14.998,27.457,0.000,33.551,-0.000,-0.404,0.000,0.033,15.726,12.684,0.147,0.000,0.000,0.000,0.000,0.000,0.000,0.000,21.000,2.000,2024.000,16.000,10.000,55.000
152.000,414.315,1003.621,15.560,1.211,970.962,40.045,446488.599,0.000,0.000,0.000,0.000,3.000,3.000,123.004,0.000,0.016,16.421,27.442,0.000,33.555,-0.000,-0.522,0.000,0.033,15.722,4.716,0.150,0.000,0.000,0.000,0.000,0.000,0.000,0.000,21.000,2.000,2024.000,16.000,10.000,55.000
152.000,414.291,1003.618,15.560,1.211,970.906,40.043,446474.901,0.000,0.000,0.000,0.000,3.000,3.000,123.004,0.000,0.014,18.651,27.442,0.000,33.562,-0.000,1.952,0.000,0.033,15.722,14.178,0.150,0.000,0.000,0.000,0.000,0.000,0.000,0.000,21.000,2.000,2024.000,16.000,10.000,55.000
152.000,414.291,1003.618,15.560,1.211,970.906,40.043,446474.901,0.000,0.000,0.000,0.000,3.000,3.000,122.989,0.000,0.021,18.870,27.434,0.000,33.562,-0.000,-0.607,0.000,0.038,15.722,6.714,0.150,0.000,0.000,0.000,0.000,0.000,0.000,0.000,21.000,2.000,2024.000,16.000,10.000,55.000
152.000,414.272,1003.618,15.560,1.211,970.861,40.042,446464.585,0.000,0.000,0.000,0.000,3.000,3.000,123.003,0.000,0.016,18.532,27.433,0.000,33.551,-0.000,-2.610,0.000,0.027,15.722,9.994,0.150,0.000,0.000,0.000,0.000,0.000,0.000,0.000,21.000,2.000,2024.000,16.000,10.000,55.000
152.000,414.272,1003.618,15.560,1.211,970.861,40.042,446464.585,0.000,0.000,0.000,0.000,3.000,3.000,123.001,0.000,0.015,18.526,27.438,0.000,33.562,-0.000,2.833,0.000,0.027,15.715,12.393,0.150,0.000,0.000,0.000,0.000,0.000,0.000,0.000,21.000,2.000,2024.000,16.000,10.000,55.000
152.000,414.259,1003.618,15.560,1.211,970.830,40.042,446457.526,0.000,0.000,0.000,0.000,3.000,3.000,123.001,0.000,0.019,14.872,27.440,0.000,33.555,-0.000,0.191,0.000,0.038,15.714,4.309,0.150,0.000,0.000,0.000,0.000,0.000,0.000,0.000,21.000,2.000,2024.000,16.000,10.000,55.000
152.000,414.259,1003.618,15.560,1.211,970.830,40.042,446457.526,0.000,0.000,0.000,0.000,3.000,3.000,123.001,0.000,0.005,14.839,27.447,0.000,33.566,-0.000,-2.486,0.000,0.033,15.712,14.587,0.150,0.000,0.000,0.000,0.000,0.000,0.000,0.000,21.000,2.000,2024.000,16.000,10.000,55.000
152.000,414.238,1003.619,15.560,1.211,970.780,40.041,446446.345,0.000,0.000,0.000,0.000,3.000,3.000,123.007,0.000,0.017,14.676,27.450,0.000,33.555,-0.000,1.669,0.000,0.038,15.711,6.947,0.150,0.000,0.000,0.000,0.000,0.000,0.000,0.000,21.000,2.000,2024.000,16.000,10.000,55.000
152.000,414.238,1003.619,15.560,1.211,970.780,40.041,446446.345,0.000,0.000,0.000,0.000,3.000,3.000,123.002,0.000,0.014,15.210,27.445,0.000,33.559,-0.000,1.213,0.000,0.033,15.717,9.747,0.150,0.000,0.000,0.000,0.000,0.000,0.000,0.000,21.000,2.000,2024.000,16.000,10.000,55.000
152.000,414.238,1003.619,15.560,1.211,970.780,40.041,446446.345,0.000,0.000,0.000,0.000,3.000,3.000,122.994,0.000,0.009,17.337,27.443,0.000,33.555,-0.000,-1.540,0.000,0.033,15.720,13.249,0.150,0.000,0.000,0.000,0.000,0.000,0.000,0.000,21.000,2.000,2024.000,16.000,10.000,56.000
152.000,414.206,1003.619,15.560,1.211,970.705,40.039,446428.969,0.000,0.000,0.000,0.000,3.000,3.000,123.002,0.000,0.017,18.357,27.449,0.000,33.562,-0.000,-0.469,0.000,0.033,15.715,4.715,0.150,0.000,0.000,0.000,0.000,0.000,0.000,0.000,21.000,2.000,2024.000,16.000,10.000,56.000
152.000,414.206,1003.619,15.560,1.211,970.705,40.039,446428.969,0.000,0.000,0.000,0.000,3.000,3.000,123.004,0.000,0.013,19.497,27.456,0.000,33.559,-0.000,1.936,0.000,0.038,15.711,14.180,0.150,0.000,0.000,0.000,0.000,0.000,0.000,0.000,21.000,2.000,2024.000,16.000,10.000,56.000
152.000,414.187,1003.618,15.560,1.211,970.660,40.038,446418.429,0.000,0.000,0.000,0.000,3.000,3.000,122.995,0.000,0.022,18.831,27.451,0.000,33.551,-0.000,-0.585,0.000,0.033,15.725,6.734,0.150,0.000,0.000,0.000,0.000,0.000,0.000,0.000,21.000,2.000,2024.000,16.000,10.000,56.000
152.000,414.187,1003.618,15.560,1.211,970.660,40.038,446418.429,0.000,0.000,0.000,0.000,3.000,3.000,123.000,0.000,0.013,18.373,27.443,0.000,33.580,-0.000,-1.442,0.000,0.033,15.746,10.779,0.150,0.000,0.000,0.000,0.000,0.000,0.000,0.000,21.000,2.000,2024.000,16.000,10.000,56.000
152.000,414.183,1003.621,15.560,1.211,970.651,40.038,446416.924,0.000,0.000,0.000,0.000,3.000,3.000,122.999,0.000,0.012,16.721,27.445,0.000,33.562,-0.000,2.754,0.000,0.027,15.739,12.390,0.150,0.000,0.000,0.000,0.000,0.000,0.000,0.000,21.000,2.000,2024.000,16.000,10.000,56.000
152.000,414.183,1003.621,15.560,1.211,970.651,40.038,446416.924,0.000,0.000,0.000,0.000,3.000,3.000,123.000,0.000,0.014,14.043,27.451,0.000,33.569,-0.000,-0.195,0.000,0.022,15.722,4.978,0.150,0.000,0.000,0.000,0.000,0.000,0.000,0.000,21.000,2.000,2024.000,16.000,10.000,56.000
152.000,414.181,1003.624,15.560,1.211,970.646,40.038,446416.506,0.000,0.000,0.000,0.000,3.000,3.000,123.004,0.000,0.013,14.801,27.451,0.000,33.538,-0.000,-2.492,0.000,0.033,15.720,14.622,0.150,0.000,0.000,0.000,0.000,0.000,0.000,0.000,21.000,2.000,2024.000,16.000,10.000,56.000
152.000,414.181,1003.624,15.560,1.211,970.646,40.038,446416.506,0.000,0.000,0.000,0.000,3.000,3.000,123.001,0.000,0.016,14.785,27.453,0.000,33.559,-0.000,1.008,0.000,0.033,15.713,6.464,0.150,0.000,0.000,0.000,0.000,0.000,0.000,0.000,21.000,2.000,2024.000,16.000,10.000,56.000
152.000,414.176,1003.626,15.560,1.211,970.634,40.038,446414.235,0.000,0.000,0.000,0.000,3.000,3.000,123.001,0.000,0.008,17.037,27.456,0.000,33.534,-0.000,1.037,0.000,0.033,15.715,9.786,0.150,0.000,0.000,0.000,0.000,0.000,0.000,0.000,21.000,2.000,2024.000,16.000,10.000,56.000
152.000,414.176,1003.626,15.560,1.211,970.634,40.038,446414.235,0.000,0.000,0.000,0.000,3.000,3.000,122.999,0.000,0.013,18.248,27.481,0.000,33.566,-0.000,-1.559,0.000,0.033,15.730,13.165,0.150,0.000,0.000,0.000,0.000,0.000,0.000,0.000,21.000,2.000,2024.000,16.000,10.000,57.000
152.000,414.176,1003.626,15.560,1.211,970.634,40.038,446414.235,0.000,0.000,0.000,0.000,3.000,3.000,123.006,0.000,0.014,18.712,27.481,0.000,33.544,-0.000,-0.306,0.000,0.033,15.730,5.085,0.150,0.000,0.000,0.000,0.000,0.000,0.000,0.000,21.000,2.000,2024.000,16.000,10.000,57.000
152.000,414.164,1003.625,15.560,1.211,970.606,40.037,446407.496,0.000,0.000,0.000,0.000,3.000,3.000,123.004,0.000,0.015,19.148,27.465,0.000,33.566,-0.000,1.855,0.000,0.027,15.711,14.219,0.150,0.000,0.000,0.000,0.000,0.000,0.000,0.000,21.000,2.000,2024.000,16.000,10.000,57.000
152.000,414.164,1003.625,15.560,1.211,970.606,40.037,446407.496,0.000,0.000,0.000,0.000,3.000,3.000,122.999,0.000,0.022,17.724,27.465,0.000,33.590,-0.000,-0.588,0.000,0.033,15.711,6.770,0.150,0.000,0.000,0.000,0.000,0.000,0.000,0.000,21.000,2.000,2024.000,16.000,10.000,57.000
152.000,414.186,1003.626,15.560,1.211,970.658,40.038,446419.666,0.000,0.000,0.000,0.000,3.000,3.000,123.006,0.000,0.016,15.205,27.446,0.000,33.559,-0.000,-2.410,0.000,0.033,15.719,9.807,0.150,0.000,0.000,0.000,0.000,0.000,0.000,0.000,21.000,2.000,2024.000,16.000,10.000,57.000
152.000,414.186,1003.626,15.560,1.211,970.658,40.038,446419.666,0.000,0.000,0.000,0.000,3.000,3.000,123.000,0.000,0.008,16.394,27.444,0.000,33.562,-0.000,2.010,0.000,0.033,15.720,12.174,0.150,0.000,0.000,0.000,0.000,0.000,0.000,0.000,21.000,2.000,2024.000,16.000,10.000,57.000
152.000,414.197,1003.628,15.560,1.211,970.684,40.039,446426.084,0.000,0.000,0.000,0.000,3.000,3.000,123.003,0.000,0.018,14.567,27.465,0.000,33.534,-0.000,-0.038,0.000,0.033,15.722,4.853,0.150,0.000,0.000,0.000,0.000,0.000,0.000,0.000,21.000,2.000,2024.000,16.000,10.000,57.000
152.000,414.197,1003.628,15.560,1.211,970.684,40.039,446426.084,0.000,0.000,0.000,0.000,3.000,3.000,123.002,0.000,0.008,15.308,27.470,0.000,33.544,-0.000,-2.264,0.000,0.033,15.723,14.465,0.150,0.000,0.000,0.000,0.000,0.000,0.000,0.000,21.000,2.000,2024.000,16.000,10.000,57.000
152.000,414.193,1003.632,15.560,1.211,970.674,40.038,446424.801,0.000,0.000,0.000,0.000,3.000,3.000,122.996,0.000,0.014,16.476,27.481,0.000,33.559,-0.000,1.522,0.000,0.033,15.709,7.063,0.150,0.000,0.000,0.000,0.000,0.000,0.000,0.000,21.000,2.000,2024.000,16.000,10.000,57.000
152.000,414.193,1003.632,15.560,1.211,970.674,40.038,446424.801,0.000,0.000,0.000,0.000,3.000,3.000,123.003,0.000,0.011,17.872,27.485,0.000,33.559,-0.000,0.988,0.000,0.033,15.703,9.688,0.150,0.000,0.000,0.000,0.000,0.000,0.000,0.000,21.000,2.000,2024.000,16.000,10.000,57.000
152.000,414.191,1003.634,15.560,1.211,970.669,40.038,446424.160,0.000,0.000,0.000,0.000,3.000,3.000,123.000,0.000,0.015,18.755,27.471,0.000,33.548,-0.000,-1.619,0.000,0.033,15.715,13.320,0.150,0.000,0.000,0.000,0.000,0.000,0.000,0.000,21.000,2.000,2024.000,16.000,10.000,58.000
152.000,414.191,1003.634,15.560,1.211,970.669,40.038,446424.160,0.000,0.000,0.000,0.000,3.000,3.000,123.004,0.000,0.016,18.941,27.462,0.000,33.562,-0.000,-0.488,0.000,0.027,15.724,4.527,0.150,0.000,0.000,0.000,0.000,0.000,0.000,0.000,21.000,2.000,2024.000,16.000,10.000,58.000
152.000,414.181,1003.633,15.560,1.211,970.646,40.038,446418.507,0.000,0.000,0.000,0.000,3.000,3.000,123.002,0.000,0.013,18.761,27.456,0.000,33.562,-0.000,1.987,0.000,0.038,15.724,14.156,0.150,0.000,0.000,0.000,0.000,0.000,0.000,0.000,21.000,2.000,2024.000,16.000,10.000,58.000
152.000,414.181,1003.633,15.560,1.211,970.646,40.038,446418.507,0.000,0.000,0.000,0.000,3.000,3.000,123.000,0.000,0.024,16.001,27.449,0.000,33.566,-0.000,-0.225,0.000,0.033,15.724,6.458,0.150,0.000,0.000,0.000,0.000,0.000,0.000,0.000,21.000,2.000,2024.000,16.000,10.000,58.000
152.000,414.181,1003.633,15.560,1.211,970.646,40.038,446418.507,0.000,0.000,0.000,0.000,3.000,3.000,123.005,0.000,0.019,15.630,27.458,0.000,33.580,-0.000,-2.330,0.000,0.033,15.723,9.732,0.150,0.000,0.000,0.000,0.000,0.000,0.000,0.000,21.000,2.000,2024.000,16.000,10.000,58.000
152.000,414.193,1003.626,15.560,1.211,970.674,40.038,446423.467,0.000,0.000,0.000,0.000,3.000,3.000,123.001,0.000,0.014,14.398,27.470,0.000,33.548,-0.000,1.879,0.000,0.033,15.723,12.262,0.150,0.000,0.000,0.000,0.000,0.000,0.000,0.000,21.000,2.000,2024.000,16.000,10.000,58.000
152.000,414.193,1003.626,15.560,1.211,970.674,40.038,446423.467,0.000,0.000,0.000,0.000,3.000,3.000,122.996,0.000,0.014,16.825,27.470,0.000,33.534,-0.000,-0.090,0.000,0.038,15.723,4.911,0.150,0.000,0.000,0.000,0.000,0.000,0.000,0.000,21.000,2.000,2024.000,16.000,10.000,58.000
152.000,414.220,1003.626,15.560,1.211,970.738,40.040,446438.128,0.000,0.000,0.000,0.000,3.000,3.000,123.001,0.000,0.009,18.892,27.468,0.000,33.551,-0.000,-2.480,0.000,0.033,15.725,14.461,0.150,0.000,0.000,0.000,0.000,0.000,0.000,0.000,21.000,2.000,2024.000,16.000,10.000,58.000
152.000,414.220,1003.626,15.560,1.211,970.738,40.040,446438.128,0.000,0.000,0.000,0.000,3.000,3.000,122.997,0.000,0.014,18.450,27.472,0.000,33.551,-0.000,1.154,0.000,0.033,15.729,6.603,0.150,0.000,0.000,0.000,0.000,0.000,0.000,0.000,21.000,2.000,2024.000,16.000,10.000,58.000
152.000,414.243,1003.622,15.560,1.211,970.792,40.041,446449.728,0.000,0.000,0.000,0.000,3.000,3.000,123.000,0.000,0.003,18.613,27.489,0.000,33.559,-0.000,1.232,0.000,0.033,15.743,9.621,0.150,0.000,0.000,0.000,0.000,0.000,0.000,0.000,21.000,2.000,2024.000,16.000,10.000,58.000
152.000,414.243,1003.622,15.560,1.211,970.792,40.041,446449.728,0.000,0.000,0.000,0.000,3.000,3.000,123.006,0.000,0.021,17.801,27.489,0.000,33.562,-0.000,-0.399,0.000,0.027,15.740,12.879,0.147,0.000,0.000,0.000,0.000,0.000,0.000,0.000,21.000,2.000,2024.000,16.000,10.000,59.000
152.000,414.280,1003.615,15.560,1.211,970.880,40.043,446468.261,0.000,0.000,0.000,0.000,3.000,3.000,123.004,0.000,0.015,18.073,27.486,0.000,33.576,-0.000,-0.192,0.000,0.033,15.714,5.021,0.150,0.000,0.000,0.000,0.000,0.000,0.000,0.000,21.000,2.000,2024.000,16.000,10.000,59.000
152.000,414.280,1003.615,15.560,1.211,970.880,40.043,446468.261,0.000,0.000,0.000,0.000,3.000,3.000,123.005,0.000,0.013,15.663,27.486,0.000,33.569,-0.000,0.940,0.000,0.033,15.714,14.303,0.150,0.000,0.000,0.000,0.000,0.000,0.000,0.000,21.000,2.000,2024.000,16.000,10.000,59.000
152.000,414.330,1003.606,15.560,1.211,970.998,40.046,446493.407,0.000,0.000,0.000,0.000,3.000,3.000,123.000,0.000,0.022,19.846,27.489,0.000,33.562,-0.000,-0.798,0.000,0.033,15.709,6.846,0.150,0.000,0.000,0.000,0.000,0.000,0.000,0.000,21.000,2.000,2024.000,16.000,10.000,59.000
152.000,414.330,1003.606,15.560,1.211,970.998,40.046,446493.407,0.000,0.000,0.000,0.000,3.000,3.000,123.005,0.000,0.018,14.256,27.489,0.000,33.531,-0.000,-2.417,0.000,0.033,15.709,9.654,0.150,0.000,0.000,0.000,0.000,0.000,0.000,0.000,21.000,2.000,2024.000,16.000,10.000,59.000
152.000,414.330,1003.606,15.560,1.211,970.998,40.046,446493.407,0.000,0.000,0.000,0.000,3.000,3.000,123.003,0.000,0.015,15.799,27.497,0.000,33.562,-0.000,1.928,0.000,0.033,15.716,12.287,0.150,0.000,0.000,0.000,0.000,0.000,0.000,0.000,21.000,2.000,2024.000,16.000,10.000,59.000
152.000,414.373,1003.596,15.560,1.211,971.099,40.048,446514.528,0.000,0.000,0.000,0.000,3.000,3.000,123.000,0.000,0.023,17.517,27.498,0.000,33.559,-0.000,0.261,0.000,0.033,15.717,4.168,0.150,0.000,0.000,0.000,0.000,0.000,0.000,0.000,21.000,2.000,2024.000,16.000,10.000,59.000
152.000,414.373,1003.596,15.560,1.211,971.099,40.048,446514.528,0.000,0.000,0.000,0.000,3.000,3.000,123.002,0.000,0.004,19.246,27.478,0.000,33.548,-0.000,-2.382,0.000,0.038,15.703,14.353,0.150,0.000,0.000,0.000,0.000,0.000,0.000,0.000,21.000,2.000,2024.000,16.000,10.000,59.000
152.000,414.418,1003.593,15.560,1.211,971.205,40.050,446538.291,0.000,0.000,0.000,0.000,3.000,3.000,123.001,0.000,0.012,17.877,27.473,0.000,33.569,-0.000,1.268,0.000,0.033,15.700,6.729,0.150,0.000,0.000,0.000,0.000,0.000,0.000,0.000,21.000,2.000,2024.000,16.000,10.000,59.000
152.000,414.418,1003.593,15.560,1.211,971.205,40.050,446538.291,0.000,0.000,0.000,0.000,3.000,3.000,123.004,0.000,0.009,18.548,27.500,0.000,33.559,-0.000,0.145,0.000,0.027,15.712,10.266,0.150,0.000,0.000,0.000,0.000,0.000,0.000,0.000,21.000,2.000,2024.000,16.000,10.000,59.000
152.000,414.447,1003.595,15.560,1.211,971.274,40.051,446554.479,0.000,0.000,0.000,0.000,3.000,3.000,122.999,0.000,0.017,16.895,27.512,0.000,33.566,-0.000,-1.411,0.000,0.033,15.718,13.521,0.150,0.000,0.000,0.000,0.000,0.000,0.000,0.000,21.000,2.000,2024.000,16.000,11.000,0.000
152.000,414.447,1003.595,15.560,1.211,971.274,40.051,446554.479,0.000,0.000,0.000,0.000,3.000,3.000,123.000,0.000,0.015,16.181,27.497,0.000,33.548,-0.000,-0.056,0.000,0.038,15.716,4.950,0.150,0.000,0.000,0.000,0.000,0.000,0.000,0.000,21.000,2.000,2024.000,16.000,11.000,0.000
152.000,414.485,1003.599,15.560,1.211,971.364,40.053,446575.997,0.000,0.000,0.000,0.000,3.000,3.000,123.002,0.000,0.017,14.561,27.487,0.000,33.551,-0.000,1.939,0.000,0.033,15.715,14.079,0.150,0.000,0.000,0.000,0.000,0.000,0.000,0.000,21.000,2.000,2024.000,16.000,11.000,0.000
152.000,414.485,1003.599,15.560,1.211,971.364,40.053,446575.997,0.000,0.000,0.000,0.000,3.000,3.000,122.996,0.000,0.020,14.621,27.493,0.000,33.520,-0.000,-0.703,0.000,0.033,15.717,6.937,0.150,0.000,0.000,0.000,0.000,0.000,0.000,0.000,21.000,2.000,2024.000,16.000,11.000,0.000
152.000,414.485,1003.599,15.560,1.211,971.364,40.053,446575.997,0.000,0.000,0.000,0.000,3.000,3.000,123.004,0.000,0.017,15.712,27.498,0.000,33.551,-0.000,-2.527,0.000,0.033,15.720,9.718,0.150,0.000,0.000,0.000,0.000,0.000,0.000,0.000,21.000,2.000,2024.000,16.000,11.000,0.000
152.000,414.514,1003.603,15.560,1.211,971.432,40.055,446592.629,0.000,0.000,0.000,0.000,3.000,3.000,123.004,0.000,0.014,18.253,27.499,0.000,33.544,-0.000,2.775,0.000,0.033,15.715,12.573,0.150,0.000,0.000,0.000,0.000,0.000,0.000,0.000,21.000,2.000,2024.000,16.000,11.000,0.000
152.000,414.514,1003.603,15.560,1.211,971.432,40.055,446592.629,0.000,0.000,0.000,0.000,3.000,3.000,122.995,0.000,0.017,16.334,27.501,0.000,33.559,-0.000,0.164,0.000,0.038,15.708,4.166,0.150,0.000,0.000,0.000,0.000,0.000,0.000,0.000,21.000,2.000,2024.000,16.000,11.000,0.000
152.000,414.521,1003.605,15.560,1.211,971.449,40.055,446596.873,0.000,0.000,0.000,0.000,3.000,3.000,122.997,0.000,0.008,19.082,27.503,0.000,33.569,-0.000,-2.529,0.000,0.033,15.711,14.340,0.150,0.000,0.000,0.000,0.000,0.000,0.000,0.000,21.000,2.000,2024.000,16.000,11.000,0.000
152.000,414.521,1003.605,15.560,1.211,971.449,40.055,446596.873,0.000,0.000,0.000,0.000,3.000,3.000,123.004,0.000,0.009,18.591,27.508,0.000,33.548,-0.000,1.100,0.000,0.038,15.720,6.755,0.150,0.000,0.000,0.000,0.000,0.000,0.000,0.000,21.000,2.000,2024.000,16.000,11.000,0.000
152.000,414.504,1003.604,15.560,1.211,971.409,40.054,446587.423,0.000,0.000,0.000,0.000,3.000,3.000,123.005,0.000,0.009,17.823,27.508,0.000,33.544,-0.000,0.022,0.000,0.033,15.719,10.258,0.150,0.000,0.000,0.000,0.000,0.000,0.000,0.000,21.000,2.000,2024.000,16.000,11.000,0.000
152.000,414.504,1003.604,15.560,1.211,971.409,40.054,446587.423,0.000,0.000,0.000,0.000,3.000,3.000,123.000,0.000,0.010,17.948,27.508,0.000,33.544,-0.000,-1.592,0.000,0.033,15.717,13.514,0.150,0.000,0.000,0.000,0.000,0.000,0.000,0.000,21.000,2.000,2024.000,16.000,11.000,1.000
152.000,414.507,1003.604,15.560,1.211,971.416,40.054,446589.051,0.000,0.000,0.000,0.000,3.000,3.000,123.005,0.000,0.015,14.098,27.508,0.000,33.534,-0.000,-0.068,0.000,0.033,15.721,4.889,0.150,0.000,0.000,0.000,0.000,0.000,0.000,0.000,21.000,2.000,2024.000,16.000,11.000,1.000
152.000,414.507,1003.604,15.560,1.211,971.416,40.054,446589.051,0.000,0.000,0.000,0.000,3.000,3.000,123.003,0.000,0.018,14.567,27.513,0.000,33.538,-0.000,0.954,0.000,0.027,15.752,14.316,0.150,0.000,0.000,0.000,0.000,0.000,0.000,0.000,21.000,2.000,2024.000,16.000,11.000,1.000
152.000,414.488,1003.599,15.560,1.211,971.371,40.053,446577.625,0.000,0.000,0.000,0.000,3.000,3.000,122.994,0.000,0.026,15.314,27.513,0.000,33.583,-0.000,-0.208,0.000,0.027,15.752,6.725,0.150,0.000,0.000,0.000,0.000,0.000,0.000,0.000,21.000,2.000,2024.000,16.000,11.000,1.000
152.000,414.488,1003.599,15.560,1.211,971.371,40.053,446577.625,0.000,0.000,0.000,0.000,3.000,3.000,123.007,0.000,0.015,16.852,27.521,0.000,33.593,-0.000,-2.384,0.000,0.038,15.718,9.511,0.147,0.000,0.000,0.000,0.000,0.000,0.000,0.000,21.000,2.000,2024.000,16.000,11.000,1.000
152.000,414.493,1003.593,15.560,1.211,971.383,40.054,446579.004,0.000,0.000,0.000,0.000,3.000,3.000,123.002,0.000,0.014,19.437,27.521,0.000,33.559,-0.000,1.774,0.000,0.027,15.718,12.403,0.150,0.000,0.000,0.000,0.000,0.000,0.000,0.000,21.000,2.000,2024.000,16.000,11.000,1.000
152.000,414.493,1003.593,15.560,1.211,971.383,40.054,446579.004,0.000,0.000,0.000,0.000,3.000,3.000,122.998,0.000,0.020,18.521,27.513,0.000,33.566,-0.000,-0.114,0.000,0.027,15.716,4.705,0.150,0.000,0.000,0.000,0.000,0.000,0.000,0.000,21.000,2.000,2024.000,16.000,11.000,1.000
152.000,414.493,1003.593,15.560,1.211,971.383,40.054,446579.004,0.000,0.000,0.000,0.000,3.000,3.000,123.003,0.000,0.006,18.581,27.512,0.000,33.538,-0.000,-1.160,0.000,0.027,15.715,14.472,0.150,0.000,0.000,0.000,0.000,0.000,0.000,0.000,21.000,2.000,2024.000,16.000,11.000,1.000
152.000,414.478,1003.587,15.560,1.211,971.347,40.053,446569.527,0.000,0.000,0.000,0.000,3.000,3.000,123.003,0.000,0.010,16.628,27.527,0.000,33.555,-0.000,1.801,0.000,0.033,15.719,7.325,0.150,0.000,0.000,0.000,0.000,0.000,0.000,0.000,21.000,2.000,2024.000,16.000,11.000,1.000
152.000,414.478,1003.587,15.560,1.211,971.347,40.053,446569.527,0.000,0.000,0.000,0.000,3.000,3.000,122.999,0.000,0.010,15.854,27.531,0.000,33.551,-0.000,1.166,0.000,0.027,15.720,9.255,0.150,0.000,0.000,0.000,0.000,0.000,0.000,0.000,21.000,2.000,2024.000,16.000,11.000,1.000
152.000,414.467,1003.579,15.560,1.211,971.321,40.053,446561.776,0.000,0.000,0.000,0.000,3.000,3.000,122.999,0.000,0.015,15.434,27.519,0.000,33.544,-0.000,-1.604,0.000,0.033,15.724,13.553,0.150,0.000,0.000,0.000,0.000,0.000,0.000,0.000,21.000,2.000,2024.000,16.000,11.000,2.000
152.000,414.467,1003.579,15.560,1.211,971.321,40.053,446561.776,0.000,0.000,0.000,0.000,3.000,3.000,122.992,0.000,0.015,15.510,27.513,0.000,33.572,-0.000,-0.311,0.000,0.033,15.726,4.568,0.150,0.000,0.000,0.000,0.000,0.000,0.000,0.000,21.000,2.000,2024.000,16.000,11.000,2.000
152.000,414.459,1003.576,15.560,1.211,971.302,40.052,446556.766,0.000,0.000,0.000,0.000,3.000,3.000,123.001,0.000,0.015,15.914,27.526,0.000,33.548,-0.000,2.043,0.000,0.038,15.731,14.156,0.150,0.000,0.000,0.000,0.000,0.000,0.000,0.000,21.000,2.000,2024.000,16.000,11.000,2.000
152.000,414.459,1003.576,15.560,1.211,971.302,40.052,446556.766,0.000,0.000,0.000,0.000,3.000,3.000,123.000,0.000,0.022,18.330,27.534,0.000,33.555,-0.000,-0.180,0.000,0.033,15.735,6.701,0.150,0.000,0.000,0.000,0.000,0.000,0.000,0.000,21.000,2.000,2024.000,16.000,11.000,2.000
152.000,414.477,1003.579,15.560,1.211,971.345,40.053,446567.204,0.000,0.000,0.000,0.000,3.000,3.000,123.001,0.000,0.015,18.635,27.523,0.000,33.534,-0.000,-1.443,0.000,0.033,15.730,10.367,0.150,0.000,0.000,0.000,0.000,0.000,0.000,0.000,21.000,2.000,2024.000,16.000,11.000,2.000
152.000,414.477,1003.579,15.560,1.211,971.345,40.053,446567.204,0.000,0.000,0.000,0.000,3.000,3.000,123.004,0.000,0.014,19.704,27.511,0.000,33.551,-0.000,2.950,0.000,0.038,15.725,12.679,0.150,0.000,0.000,0.000,0.000,0.000,0.000,0.000,21.000,2.000,2024.000,16.000,11.000,2.000
152.000,414.482,1003.586,15.560,1.211,971.357,40.053,446571.476,0.000,0.000,0.000,0.000,3.000,3.000,122.994,0.000,0.016,17.250,27.516,0.000,33.541,-0.000,0.230,0.000,0.027,15.727,4.185,0.150,0.000,0.000,0.000,0.000,0.000,0.000,0.000,21.000,2.000,2024.000,16.000,11.000,2.000
152.000,414.482,1003.586,15.560,1.211,971.357,40.053,446571.476,0.000,0.000,0.000,0.000,3.000,3.000,123.003,0.000,0.010,17.599,27.524,0.000,33.555,-0.000,-1.377,0.000,0.038,15.731,14.507,0.150,0.000,0.000,0.000,0.000,0.000,0.000,0.000,21.000,2.000,2024.000,16.000,11.000,2.000
152.000,414.485,1003.590,15.560,1.211,971.364,40.053,446573.994,0.000,0.000,0.000,0.000,3.000,3.000,123.000,0.000,0.018,15.057,27.520,0.000,33.555,-0.000,1.671,0.000,0.033,15.730,7.319,0.150,0.000,0.000,0.000,0.000,0.000,0.000,0.000,21.000,2.000,2024.000,16.000,11.000,2.000
152.000,414.485,1003.590,15.560,1.211,971.364,40.053,446573.994,0.000,0.000,0.000,0.000,3.000,3.000,123.000,0.000,0.010,14.310,27.510,0.000,33.572,-0.000,1.015,0.000,0.038,15.730,9.391,0.150,0.000,0.000,0.000,0.000,0.000,0.000,0.000,21.000,2.000,2024.000,16.000,11.000,2.000
152.000,414.485,1003.590,15.560,1.211,971.364,40.053,446573.994,0.000,0.000,0.000,0.000,3.000,3.000,122.994,0.000,0.019,14.649,27.513,0.000,33.551,-0.000,-1.389,0.000,0.033,15.727,13.601,0.150,0.000,0.000,0.000,0.000,0.000,0.000,0.000,21.000,2.000,2024.000,16.000,11.000,3.000
152.000,414.464,1003.592,15.560,1.211,971.314,40.052,446563.040,0.000,0.000,0.000,0.000,3.000,3.000,123.004,0.000,0.016,17.593,27.526,0.000,33.510,-0.000,-0.344,0.000,0.033,15.715,4.471,0.150,0.000,0.000,0.000,0.000,0.000,0.000,0.000,21.000,2.000,2024.000,16.000,11.000,3.000
152.000,414.464,1003.592,15.560,1.211,971.314,40.052,446563.040,0.000,0.000,0.000,0.000,3.000,3.000,123.005,0.000,0.010,19.350,27.527,0.000,33.555,-0.000,2.031,0.000,0.033,15.716,14.148,0.150,0.000,0.000,0.000,0.000,0.000,0.000,0.000,21.000,2.000,2024.000,16.000,11.000,3.000
152.000,414.429,1003.592,15.560,1.211,971.231,40.051,446544.040,0.000,0.000,0.000,0.000,3.000,3.000,122.999,0.000,0.023,18.831,27.530,0.000,33.548,-0.000,-0.686,0.000,0.033,15.720,6.996,0.150,0.000,0.000,0.000,0.000,0.000,0.000,0.000,21.000,2.000,2024.000,16.000,11.000,3.000
152.000,414.429,1003.592,15.560,1.211,971.231,40.051,446544.040,0.000,0.000,0.000,0.000,3.000,3.000,123.005,0.000,0.014,19.110,27.530,0.000,33.548,-0.000,-2.389,0.000,0.033,15.720,9.517,0.150,0.000,0.000,0.000,0.000,0.000,0.000,0.000,21.000,2.000,2024.000,16.000,11.000,3.000
152.000,414.398,1003.591,15.560,1.211,971.158,40.049,446526.988,0.000,0.000,0.000,0.000,3.000,3.000,122.999,0.000,0.017,19.584,27.546,0.000,33.562,-0.000,2.853,0.000,0.033,15.735,12.592,0.150,0.000,0.000,0.000,0.000,0.000,0.000,0.000,21.000,2.000,2024.000,16.000,11.000,3.000
152.000,414.398,1003.591,15.560,1.211,971.158,40.049,446526.988,0.000,0.000,0.000,0.000,3.000,3.000,122.991,0.000,0.017,15.532,27.546,0.000,33.562,-0.000,0.208,0.000,0.033,15.735,4.138,0.150,0.000,0.000,0.000,0.000,0.000,0.000,0.000,21.000,2.000,2024.000,16.000,11.000,3.000
152.000,414.372,1003.591,15.560,1.211,971.097,40.048,446512.873,0.000,0.000,0.000,0.000,3.000,3.000,123.000,0.000,0.013,14.681,27.543,0.000,33.544,-0.000,-2.422,0.000,0.033,15.715,14.288,0.150,0.000,0.000,0.000,0.000,0.000,0.000,0.000,21.000,2.000,2024.000,16.000,11.000,3.000
152.000,414.372,1003.591,15.560,1.211,971.097,40.048,446512.873,0.000,0.000,0.000,0.000,3.000,3.000,123.001,0.000,0.010,15.625,27.542,0.000,33.548,-0.000,1.803,0.000,0.033,15.713,7.245,0.150,0.000,0.000,0.000,0.000,0.000,0.000,0.000,21.000,2.000,2024.000,16.000,11.000,3.000
152.000,414.330,1003.595,15.560,1.211,970.998,40.046,446490.960,0.000,0.000,0.000,0.000,3.000,3.000,123.000,0.000,0.006,14.141,27.546,0.000,33.548,-0.000,1.234,0.000,0.038,15.713,9.376,0.150,0.000,0.000,0.000,0.000,0.000,0.000,0.000,21.000,2.000,2024.000,16.000,11.000,3.000
152.000,414.330,1003.595,15.560,1.211,970.998,40.046,446490.960,0.000,0.000,0.000,0.000,3.000,3.000,122.997,0.000,0.017,16.765,27.547,0.000,33.548,-0.000,-0.364,0.000,0.033,15.714,13.163,0.150,0.000,0.000,0.000,0.000,0.000,0.000,0.000,21.000,2.000,2024.000,16.000,11.000,4.000
152.000,414.330,1003.595,15.560,1.211,970.998,40.046,446490.960,0.000,0.000,0.000,0.000,3.000,3.000,123.005,0.000,0.018,18.008,27.552,0.000,33.541,-0.000,-0.310,0.000,0.033,15.729,4.425,0.150,0.000,0.000,0.000,0.000,0.000,0.000,0.000,21.000,2.000,2024.000,16.000,11.000,4.000
152.000,414.324,1003.599,15.560,1.211,970.984,40.045,446488.592,0.000,0.000,0.000,0.000,3.000,3.000,123.003,0.000,0.016,19.764,27.554,0.000,33.548,-0.000,2.053,0.000,0.033,15.736,14.174,0.150,0.000,0.000,0.000,0.000,0.000,0.000,0.000,21.000,2.000,2024.000,16.000,11.000,4.000
152.000,414.324,1003.599,15.560,1.211,970.984,40.045,446488.592,0.000,0.000,0.000,0.000,3.000,3.000,122.998,0.000,0.027,18.373,27.540,0.000,33.531,-0.000,-0.640,0.000,0.033,15.728,7.050,0.150,0.000,0.000,0.000,0.000,0.000,0.000,0.000,21.000,2.000,2024.000,16.000,11.000,4.000
152.000,414.328,1003.601,15.540,1.211,970.993,40.044,446530.698,0.000,0.000,0.000,0.000,3.000,3.000,123.006,0.000,0.021,17.572,27.530,0.000,33.562,-0.000,-2.324,0.000,0.038,15.722,9.485,0.150,0.000,0.000,0.000,0.000,0.000,0.000,0.000,21.000,2.000,2024.000,16.000,11.000,4.000
152.000,414.328,1003.601,15.540,1.211,970.993,40.044,446530.698,0.000,0.000,0.000,0.000,3.000,3.000,123.001,0.000,0.012,15.947,27.542,0.000,33.562,-0.000,1.972,0.000,0.033,15.715,12.390,0.150,0.000,0.000,0.000,0.000,0.000,0.000,0.000,21.000,2.000,2024.000,16.000,11.000,4.000
152.000,414.333,1003.604,15.560,1.211,971.005,40.046,446494.591,0.000,0.000,0.000,0.000,3.000,3.000,122.997,0.000,0.021,14.180,27.555,0.000,33.572,-0.000,0.240,0.000,0.033,15.708,4.091,0.150,0.000,0.000,0.000,0.000,0.000,0.000,0.000,21.000,2.000,2024.000,16.000,11.000,4.000
152.000,414.333,1003.604,15.560,1.211,971.005,40.046,446494.591,0.000,0.000,0.000,0.000,3.000,3.000,123.003,0.000,0.013,14.528,27.553,0.000,33.544,-0.000,-1.190,0.000,0.027,15.717,14.477,0.150,0.000,0.000,0.000,0.000,0.000,0.000,0.000,21.000,2.000,2024.000,16.000,11.000,4.000
152.000,414.354,1003.604,15.560,1.211,971.054,40.047,446505.992,0.000,0.000,0.000,0.000,3.000,3.000,123.004,0.000,0.005,15.390,27.550,0.000,33.562,-0.000,1.814,0.000,0.027,15.731,7.341,0.150,0.000,0.000,0.000,0.000,0.000,0.000,0.000,21.000,2.000,2024.000,16.000,11.000,4.000
152.000,414.354,1003.604,15.560,1.211,971.054,40.047,446505.992,0.000,0.000,0.000,0.000,3.000,3.000,123.005,0.000,0.013,16.868,27.550,0.000,33.541,-0.000,0.031,0.000,0.038,15.727,10.123,0.150,0.000,0.000,0.000,0.000,0.000,0.000,0.000,21.000,2.000,2024.000,16.000,11.000,4.000
152.000,414.373,1003.603,15.560,1.211,971.099,40.048,446516.085,0.000,0.000,0.000,0.000,3.000,3.000,122.999,0.000,0.017,17.125,27.552,0.000,33.544,-0.000,-0.498,0.000,0.033,15.716,13.235,0.150,0.000,0.000,0.000,0.000,0.000,0.000,0.000,21.000,2.000,2024.000,16.000,11.000,5.000
152.000,414.373,1003.603,15.560,1.211,971.099,40.048,446516.085,0.000,0.000,0.000,0.000,3.000,3.000,122.996,0.000,0.016,18.979,27.550,0.000,33.531,-0.000,-0.196,0.000,0.027,15.722,4.954,0.150,0.000,0.000,0.000,0.000,0.000,0.000,0.000,21.000,2.000,2024.000,16.000,11.000,5.000
152.000,414.373,1003.603,15.560,1.211,971.099,40.048,446516.085,0.000,0.000,0.000,0.000,3.000,3.000,123.002,0.000,0.014,19.524,27.542,0.000,33.576,-0.000,1.865,0.000,0.033,15.744,14.155,0.150,0.000,0.000,0.000,0.000,0.000,0.000,0.000,21.000,2.000,2024.000,16.000,11.000,5.000
152.000,414.354,1003.601,15.560,1.211,971.054,40.047,446505.325,0.000,0.000,0.000,0.000,3.000,3.000,123.004,0.000,0.017,19.328,27.541,0.000,33.551,-0.000,-0.589,0.000,0.027,15.743,7.175,0.150,0.000,0.000,0.000,0.000,0.000,0.000,0.000,21.000,2.000,2024.000,16.000,11.000,5.000
152.000,414.354,1003.601,15.560,1.211,971.054,40.047,446505.325,0.000,0.000,0.000,0.000,3.000,3.000,122.996,0.000,0.016,16.519,27.532,0.000,33.544,-0.000,-2.418,0.000,0.033,15.731,9.527,0.150,0.000,0.000,0.000,0.000,0.000,0.000,0.000,21.000,2.000,2024.000,16.000,11.000,5.000
152.000,414.310,1003.606,15.560,1.211,970.950,40.045,446482.548,0.000,0.000,0.000,0.000,3.000,3.000,122.998,0.000,0.011,16.443,27.532,0.000,33.562,-0.000,2.735,0.000,0.033,15.731,12.682,0.150,0.000,0.000,0.000,0.000,0.000,0.000,0.000,21.000,2.000,2024.000,16.000,11.000,5.000
152.000,414.310,1003.606,15.560,1.211,970.950,40.045,446482.548,0.000,0.000,0.000,0.000,3.000,3.000,122.996,0.000,0.022,14.441,27.548,0.000,33.517,-0.000,-0.078,0.000,0.033,15.732,4.757,0.150,0.000,0.000,0.000,0.000,0.000,0.000,0.000,21.000,2.000,2024.000,16.000,11.000,5.000
152.000,414.282,1003.607,15.560,1.211,970.884,40.043,446467.568,0.000,0.000,0.000,0.000,3.000,3.000,123.000,0.000,0.007,16.437,27.548,0.000,33.538,-0.000,-2.433,0.000,0.027,15.732,14.233,0.150,0.000,0.000,0.000,0.000,0.000,0.000,0.000,21.000,2.000,2024.000,16.000,11.000,5.000
152.000,414.282,1003.607,15.560,1.211,970.884,40.043,446467.568,0.000,0.000,0.000,0.000,3.000,3.000,123.002,0.000,0.011,14.845,27.574,0.000,33.538,-0.000,1.702,0.000,0.027,15.734,7.302,0.150,0.000,0.000,0.000,0.000,0.000,0.000,0.000,21.000,2.000,2024.000,16.000,11.000,5.000
152.000,414.268,1003.606,15.560,1.211,970.851,40.043,446459.744,0.000,0.000,0.000,0.000,3.000,3.000,123.002,0.000,0.010,18.712,27.577,0.000,33.562,-0.000,1.132,0.000,0.033,15.734,9.342,0.150,0.000,0.000,0.000,0.000,0.000,0.000,0.000,21.000,2.000,2024.000,16.000,11.000,5.000
152.000,414.268,1003.606,15.560,1.211,970.851,40.043,446459.744,0.000,0.000,0.000,0.000,3.000,3.000,122.999,0.000,0.014,18.946,27.551,0.000,33.548,-0.000,-0.298,0.000,0.033,15.726,13.228,0.150,0.000,0.000,0.000,0.000,0.000,0.000,0.000,21.000,2.000,2024.000,16.000,11.000,6.000
152.000,414.223,1003.605,15.560,1.211,970.745,40.040,446435.087,0.000,0.000,0.000,0.000,3.000,3.000,123.005,0.000,0.012,18.951,27.544,0.000,33.587,-0.000,-0.405,0.000,0.033,15.724,4.568,0.150,0.000,0.000,0.000,0.000,0.000,0.000,0.000,21.000,2.000,2024.000,16.000,11.000,6.000
152.000,414.223,1003.605,15.560,1.211,970.745,40.040,446435.087,0.000,0.000,0.000,0.000,3.000,3.000,123.004,0.000,0.013,17.953,27.553,0.000,33.566,-0.000,2.126,0.000,0.033,15.738,14.148,0.150,0.000,0.000,0.000,0.000,0.000,0.000,0.000,21.000,2.000,2024.000,16.000,11.000,6.000
