151.000,414.446,1004.151,15.160,1.213,971.272,40.013,447468.996,0.000,0.000,0.000,0.000,3.000,3.000,81.157,0.000,0.012,0.027,16.190,0.000,0.732,-0.000,-2.827,0.000,0.033,15.202,13.794,0.154,0.000,0.000,0.000,0.000,0.000,0.000,0.000,21.000,2.000,2024.000,15.000,53.000,13.000
151.000,414.408,1004.155,15.160,1.213,971.182,40.011,447449.216,0.000,0.000,0.000,0.000,3.000,3.000,81.155,0.000,0.016,0.027,16.177,0.000,0.732,-0.000,0.626,0.000,0.033,15.208,15.438,0.154,0.000,0.000,0.000,0.000,0.000,0.000,0.000,21.000,2.000,2024.000,15.000,53.000,13.000
151.000,414.408,1004.155,15.160,1.213,971.182,40.011,447449.216,0.000,0.000,0.000,0.000,3.000,3.000,81.141,0.000,0.009,0.033,16.168,0.000,0.732,-0.000,0.203,0.000,0.033,15.213,14.598,0.154,0.000,0.000,0.000,0.000,0.000,0.000,0.000,21.000,2.000,2024.000,15.000,53.000,13.000
151.000,414.329,1004.158,15.160,1.213,970.995,40.007,447406.907,0.000,0.000,0.000,0.000,3.000,3.000,81.158,0.000,0.013,0.027,16.171,0.000,0.732,-0.000,1.688,0.000,0.038,15.211,14.312,0.154,0.000,0.000,0.000,0.000,0.000,0.000,0.000,21.000,2.000,2024.000,15.000,53.000,13.000
151.000,414.329,1004.158,15.160,1.213,970.995,40.007,447406.907,0.000,0.000,0.000,0.000,3.000,3.000,81.151,0.000,0.011,0.027,16.174,0.000,0.732,-0.000,0.520,0.000,0.033,15.209,13.873,0.154,0.000,0.000,0.000,0.000,0.000,0.000,0.000,21.000,2.000,2024.000,15.000,53.000,13.000
151.000,414.292,1004.157,15.160,1.213,970.908,40.005,447386.554,0.000,0.000,0.000,0.000,3.000,3.000,81.153,0.000,0.015,0.027,16.178,0.000,0.732,-0.000,1.944,0.000,0.038,15.201,12.545,0.154,0.000,0.000,0.000,0.000,0.000,0.000,0.000,21.000,2.000,2024.000,15.000,53.000,13.000
151.000,414.292,1004.157,15.160,1.213,970.908,40.005,447386.554,0.000,0.000,0.000,0.000,3.000,3.000,81.155,0.000,0.010,0.027,16.184,0.000,0.732,-0.000,1.177,0.000,0.033,15.189,16.322,0.154,0.000,0.000,0.000,0.000,0.000,0.000,0.000,21.000,2.000,2024.000,15.000,53.000,13.000
151.000,414.280,1004.153,15.160,1.213,970.880,40.004,447379.134,0.000,0.000,0.000,0.000,3.000,3.000,81.150,0.000,0.011,0.027,16.179,0.000,0.732,-0.000,-0.876,0.000,0.033,15.195,16.416,0.154,0.000,0.000,0.000,0.000,0.000,0.000,0.000,21.000,2.000,2024.000,15.000,53.000,13.000
151.000,414.280,1004.153,15.160,1.213,970.880,40.004,447379.134,0.000,0.000,0.000,0.000,3.000,3.000,81.147,0.000,0.013,0.027,16.165,0.000,0.732,-0.000,-1.555,0.000,0.033,15.208,11.043,0.154,0.000,0.000,0.000,0.000,0.000,0.000,0.000,21.000,2.000,2024.000,15.000,53.000,14.000
151.000,414.247,1004.151,15.160,1.213,970.802,40.003,447360.733,0.000,0.000,0.000,0.000,3.000,3.000,81.147,0.000,0.014,0.027,16.173,0.000,0.732,-0.000,-1.121,0.000,0.033,15.206,17.120,0.154,0.000,0.000,0.000,0.000,0.000,0.000,0.000,21.000,2.000,2024.000,15.000,53.000,14.000
151.000,414.247,1004.151,15.160,1.213,970.802,40.003,447360.733,0.000,0.000,0.000,0.000,3.000,3.000,81.166,0.000,0.012,0.027,16.205,0.000,0.732,-0.000,-4.009,0.000,0.033,15.197,15.020,0.154,0.000,0.000,0.000,0.000,0.000,0.000,0.000,21.000,2.000,2024.000,15.000,53.000,14.000
151.000,414.247,1004.151,15.160,1.213,970.802,40.003,447360.733,0.000,0.000,0.000,0.000,3.000,3.000,81.165,0.000,0.011,0.027,16.204,0.000,0.732,-0.000,-0.094,0.000,0.038,15.198,15.146,0.154,0.000,0.000,0.000,0.000,0.000,0.000,0.000,21.000,2.000,2024.000,15.000,53.000,14.000
151.000,414.237,1004.152,15.160,1.213,970.778,40.002,447355.515,0.000,0.000,0.000,0.000,3.000,3.000,81.150,0.000,0.012,0.027,16.195,0.000,0.732,-0.000,1.317,0.000,0.038,15.204,16.110,0.154,0.000,0.000,0.000,0.000,0.000,0.000,0.000,21.000,2.000,2024.000,15.000,53.000,14.000
151.000,414.237,1004.152,15.160,1.213,970.778,40.002,447355.515,0.000,0.000,0.000,0.000,3.000,3.000,81.146,0.000,0.011,0.033,16.195,0.000,0.732,-0.000,0.887,0.000,0.033,15.204,13.052,0.154,0.000,0.000,0.000,0.000,0.000,0.000,0.000,21.000,2.000,2024.000,15.000,53.000,14.000
151.000,414.199,1004.151,15.160,1.213,970.688,40.001,447334.616,0.000,0.000,0.000,0.000,3.000,3.000,81.151,0.000,0.010,0.027,16.178,0.000,0.732,-0.000,3.732,0.000,0.033,15.242,15.043,0.154,0.000,0.000,0.000,0.000,0.000,0.000,0.000,21.000,2.000,2024.000,15.000,53.000,14.000
151.000,414.199,1004.151,15.160,1.213,970.688,40.001,447334.616,0.000,0.000,0.000,0.000,3.000,3.000,81.151,0.000,0.013,0.027,16.178,0.000,0.732,-0.000,2.734,0.000,0.033,15.242,17.130,0.154,0.000,0.000,0.000,0.000,0.000,0.000,0.000,21.000,2.000,2024.000,15.000,53.000,14.000
151.000,414.189,1004.149,15.160,1.213,970.665,40.000,447328.729,0.000,0.000,0.000,0.000,3.000,3.000,81.159,0.000,0.007,0.027,16.191,0.000,0.732,-0.000,-2.180,0.000,0.038,15.193,14.280,0.154,0.000,0.000,0.000,0.000,0.000,0.000,0.000,21.000,2.000,2024.000,15.000,53.000,14.000
151.000,414.189,1004.149,15.160,1.213,970.665,40.000,447328.729,0.000,0.000,0.000,0.000,3.000,3.000,81.158,0.000,0.013,0.033,16.192,0.000,0.732,-0.000,-3.591,0.000,0.038,15.187,12.167,0.154,0.000,0.000,0.000,0.000,0.000,0.000,0.000,21.000,2.000,2024.000,15.000,53.000,14.000
151.000,414.181,1004.154,15.160,1.213,970.646,40.000,447325.489,0.000,0.000,0.000,0.000,3.000,3.000,81.168,0.000,0.013,0.033,16.183,0.000,0.732,-0.000,-1.245,0.000,0.027,15.203,15.666,0.154,0.000,0.000,0.000,0.000,0.000,0.000,0.000,21.000,2.000,2024.000,15.000,53.000,15.000
151.000,414.181,1004.154,15.160,1.213,970.646,40.000,447325.489,0.000,0.000,0.000,0.000,3.000,3.000,81.159,0.000,0.012,0.027,16.181,0.000,0.732,-0.000,-1.016,0.000,0.033,15.208,15.088,0.154,0.000,0.000,0.000,0.000,0.000,0.000,0.000,21.000,2.000,2024.000,15.000,53.000,15.000
151.000,414.181,1004.151,15.160,1.213,970.646,40.000,447324.821,0.000,0.000,0.000,0.000,3.000,3.000,81.164,0.000,0.009,0.033,16.194,0.000,0.732,-0.000,0.342,0.000,0.033,15.201,14.544,0.154,0.000,0.000,0.000,0.000,0.000,0.000,0.000,21.000,2.000,2024.000,15.000,53.000,15.000
151.000,414.181,1004.151,15.160,1.213,970.646,40.000,447324.821,0.000,0.000,0.000,0.000,3.000,3.000,81.151,0.000,0.011,0.033,16.199,0.000,0.732,-0.000,1.944,0.000,0.027,15.199,16.805,0.154,0.000,0.000,0.000,0.000,0.000,0.000,0.000,21.000,2.000,2024.000,15.000,53.000,15.000
151.000,414.181,1004.151,15.160,1.213,970.646,40.000,447324.821,0.000,0.000,0.000,0.000,3.000,3.000,81.146,0.000,0.012,0.027,16.185,0.000,0.732,-0.000,1.469,0.000,0.033,15.209,12.205,0.154,0.000,0.000,0.000,0.000,0.000,0.000,0.000,21.000,2.000,2024.000,15.000,53.000,15.000
151.000,414.152,1004.150,15.180,1.213,970.577,40.000,447269.200,0.000,0.000,0.000,0.000,3.000,3.000,81.139,0.000,0.009,0.027,16.176,0.000,0.732,-0.000,0.338,0.000,0.033,15.216,18.212,0.154,0.000,0.000,0.000,0.000,0.000,0.000,0.000,21.000,2.000,2024.000,15.000,53.000,15.000
151.000,414.152,1004.150,15.180,1.213,970.577,40.000,447269.200,0.000,0.000,0.000,0.000,3.000,3.000,81.133,0.000,0.013,0.027,16.180,0.000,0.732,-0.000,-1.651,0.000,0.033,15.218,18.342,0.154,0.000,0.000,0.000,0.000,0.000,0.000,0.000,21.000,2.000,2024.000,15.000,53.000,15.000
151.000,414.113,1004.149,15.180,1.213,970.485,39.998,447247.756,0.000,0.000,0.000,0.000,3.000,3.000,81.142,0.000,0.009,0.027,16.183,0.000,0.732,-0.000,0.737,0.000,0.033,15.220,13.241,0.154,0.000,0.000,0.000,0.000,0.000,0.000,0.000,21.000,2.000,2024.000,15.000,53.000,15.000
151.000,414.113,1004.149,15.180,1.213,970.485,39.998,447247.756,0.000,0.000,0.000,0.000,3.000,3.000,81.160,0.000,0.013,0.022,16.188,0.000,0.732,-0.000,-1.428,0.000,0.027,15.220,14.587,0.154,0.000,0.000,0.000,0.000,0.000,0.000,0.000,21.000,2.000,2024.000,15.000,53.000,15.000
151.000,414.106,1004.147,15.180,1.213,970.469,39.998,447243.502,0.000,0.000,0.000,0.000,3.000,3.000,81.156,0.000,0.015,0.033,16.195,0.000,0.732,-0.000,1.776,0.000,0.038,15.219,14.705,0.154,0.000,0.000,0.000,0.000,0.000,0.000,0.000,21.000,2.000,2024.000,15.000,53.000,15.000
151.000,414.106,1004.147,15.180,1.213,970.469,39.998,447243.502,0.000,0.000,0.000,0.000,3.000,3.000,81.156,0.000,0.008,0.033,16.198,0.000,0.732,-0.000,1.283,0.000,0.033,15.214,15.344,0.154,0.000,0.000,0.000,0.000,0.000,0.000,0.000,21.000,2.000,2024.000,15.000,53.000,16.000
151.000,414.082,1004.144,15.180,1.213,970.412,39.996,447229.774,0.000,0.000,0.000,0.000,3.000,3.000,81.157,0.000,0.013,0.027,16.205,0.000,0.732,-0.000,0.831,0.000,0.038,15.201,14.739,0.154,0.000,0.000,0.000,0.000,0.000,0.000,0.000,21.000,2.000,2024.000,15.000,53.000,16.000
151.000,414.082,1004.144,15.180,1.213,970.412,39.996,447229.774,0.000,0.000,0.000,0.000,3.000,3.000,81.162,0.000,0.012,0.027,16.201,0.000,0.732,-0.000,0.556,0.000,0.027,15.201,14.016,0.154,0.000,0.000,0.000,0.000,0.000,0.000,0.000,21.000,2.000,2024.000,15.000,53.000,16.000
151.000,414.121,1004.140,15.180,1.213,970.504,39.998,447250.105,0.000,0.000,0.000,0.000,3.000,3.000,81.170,0.000,0.012,0.027,16.186,0.000,0.732,-0.000,1.257,0.000,0.033,15.201,14.111,0.154,0.000,0.000,0.000,0.000,0.000,0.000,0.000,21.000,2.000,2024.000,15.000,53.000,16.000
151.000,414.121,1004.140,15.180,1.213,970.504,39.998,447250.105,0.000,0.000,0.000,0.000,3.000,3.000,81.160,0.000,0.013,0.027,16.184,0.000,0.732,-0.000,2.316,0.000,0.033,15.203,16.840,0.154,0.000,0.000,0.000,0.000,0.000,0.000,0.000,21.000,2.000,2024.000,15.000,53.000,16.000
151.000,414.121,1004.140,15.180,1.213,970.504,39.998,447250.105,0.000,0.000,0.000,0.000,3.000,3.000,81.157,0.000,0.010,0.033,16.166,0.000,0.732,-0.000,0.341,0.000,0.033,15.214,17.075,0.154,0.000,0.000,0.000,0.000,0.000,0.000,0.000,21.000,2.000,2024.000,15.000,53.000,16.000
151.000,414.157,1004.137,15.180,1.213,970.589,40.000,447269.025,0.000,0.000,0.000,0.000,3.000,3.000,81.161,0.000,0.010,0.027,16.166,0.000,0.732,-0.000,0.386,0.000,0.033,15.214,12.029,0.154,0.000,0.000,0.000,0.000,0.000,0.000,0.000,21.000,2.000,2024.000,15.000,53.000,16.000
151.000,414.157,1004.137,15.180,1.213,970.589,40.000,447269.025,0.000,0.000,0.000,0.000,3.000,3.000,81.155,0.000,0.011,0.027,16.182,0.000,0.732,-0.000,-2.089,0.000,0.033,15.225,16.048,0.154,0.000,0.000,0.000,0.000,0.000,0.000,0.000,21.000,2.000,2024.000,15.000,53.000,16.000
151.000,414.180,1004.134,15.180,1.213,970.643,40.001,447280.871,0.000,0.000,0.000,0.000,3.000,3.000,81.171,0.000,0.011,0.027,16.182,0.000,0.732,-0.000,-3.906,0.000,0.038,15.225,16.189,0.154,0.000,0.000,0.000,0.000,0.000,0.000,0.000,21.000,2.000,2024.000,15.000,53.000,16.000
151.000,414.180,1004.134,15.180,1.213,970.643,40.001,447280.871,0.000,0.000,0.000,0.000,3.000,3.000,81.173,0.000,0.010,0.027,16.185,0.000,0.732,-0.000,2.874,0.000,0.033,15.222,14.505,0.154,0.000,0.000,0.000,0.000,0.000,0.000,0.000,21.000,2.000,2024.000,15.000,53.000,16.000
151.000,414.229,1004.134,15.180,1.213,970.759,40.004,447307.531,0.000,0.000,0.000,0.000,3.000,3.000,81.164,0.000,0.011,0.027,16.186,0.000,0.732,-0.000,1.618,0.000,0.033,15.221,16.257,0.154,0.000,0.000,0.000,0.000,0.000,0.000,0.000,21.000,2.000,2024.000,15.000,53.000,17.000
151.000,414.229,1004.134,15.180,1.213,970.759,40.004,447307.531,0.000,0.000,0.000,0.000,3.000,3.000,81.157,0.000,0.011,0.027,16.192,0.000,0.732,-0.000,2.010,0.000,0.027,15.230,11.885,0.154,0.000,0.000,0.000,0.000,0.000,0.000,0.000,21.000,2.000,2024.000,15.000,53.000,17.000
151.000,414.241,1004.132,15.180,1.213,970.788,40.004,447313.614,0.000,0.000,0.000,0.000,3.000,3.000,81.165,0.000,0.012,0.027,16.194,0.000,0.732,-0.000,0.412,0.000,0.027,15.232,15.747,0.154,0.000,0.000,0.000,0.000,0.000,0.000,0.000,21.000,2.000,2024.000,15.000,53.000,17.000
151.000,414.241,1004.132,15.180,1.213,970.788,40.004,447313.614,0.000,0.000,0.000,0.000,3.000,3.000,81.174,0.000,0.012,0.033,16.190,0.000,0.732,-0.000,1.075,0.000,0.033,15.223,16.918,0.154,0.000,0.000,0.000,0.000,0.000,0.000,0.000,21.000,2.000,2024.000,15.000,53.000,17.000
151.000,414.241,1004.132,15.180,1.213,970.788,40.004,447313.614,0.000,0.000,0.000,0.000,3.000,3.000,81.168,0.000,0.010,0.027,16.188,0.000,0.732,-0.000,0.589,0.000,0.038,15.219,13.498,0.154,0.000,0.000,0.000,0.000,0.000,0.000,0.000,21.000,2.000,2024.000,15.000,53.000,17.000
151.000,414.296,1004.131,15.180,1.213,970.917,40.007,447343.313,0.000,0.000,0.000,0.000,3.000,3.000,81.181,0.000,0.011,0.027,16.190,0.000,0.732,-0.000,-1.869,0.000,0.033,15.217,13.382,0.154,0.000,0.000,0.000,0.000,0.000,0.000,0.000,21.000,2.000,2024.000,15.000,53.000,17.000
151.000,414.296,1004.131,15.180,1.213,970.917,40.007,447343.313,0.000,0.000,0.000,0.000,3.000,3.000,81.179,0.000,0.012,0.027,16.192,0.000,0.732,-0.000,1.021,0.000,0.033,15.215,15.444,0.154,0.000,0.000,0.000,0.000,0.000,0.000,0.000,21.000,2.000,2024.000,15.000,53.000,17.000
151.000,414.325,1004.132,15.160,1.213,970.986,40.007,447398.938,0.000,0.000,0.000,0.000,3.000,3.000,81.178,0.000,0.007,0.027,16.187,0.000,0.732,-0.000,-1.032,0.000,0.038,15.211,14.968,0.154,0.000,0.000,0.000,0.000,0.000,0.000,0.000,21.000,2.000,2024.000,15.000,53.000,17.000
151.000,414.325,1004.132,15.160,1.213,970.986,40.007,447398.938,0.000,0.000,0.000,0.000,3.000,3.000,81.190,0.000,0.013,0.033,16.182,0.000,0.732,-0.000,2.040,0.000,0.033,15.207,14.829,0.154,0.000,0.000,0.000,0.000,0.000,0.000,0.000,21.000,2.000,2024.000,15.000,53.000,17.000
151.000,414.345,1004.132,15.180,1.213,971.033,40.009,447370.192,0.000,0.000,0.000,0.000,3.000,3.000,81.184,0.000,0.011,0.027,16.187,0.000,0.732,-0.000,0.653,0.000,0.038,15.208,13.712,0.154,0.000,0.000,0.000,0.000,0.000,0.000,0.000,21.000,2.000,2024.000,15.000,53.000,17.000
151.000,414.345,1004.132,15.180,1.213,971.033,40.009,447370.192,0.000,0.000,0.000,0.000,3.000,3.000,81.179,0.000,0.013,0.022,16.193,0.000,0.732,-0.000,1.995,0.000,0.027,15.211,12.507,0.154,0.000,0.000,0.000,0.000,0.000,0.000,0.000,21.000,2.000,2024.000,15.000,53.000,18.000
151.000,414.343,1004.128,15.180,1.213,971.028,40.009,447368.213,0.000,0.000,0.000,0.000,3.000,3.000,81.165,0.000,0.012,0.027,16.192,0.000,0.732,-0.000,2.316,0.000,0.033,15.210,16.871,0.154,0.000,0.000,0.000,0.000,0.000,0.000,0.000,21.000,2.000,2024.000,15.000,53.000,18.000
151.000,414.343,1004.128,15.180,1.213,971.028,40.009,447368.213,0.000,0.000,0.000,0.000,3.000,3.000,81.162,0.000,0.008,0.033,16.187,0.000,0.732,-0.000,0.547,0.000,0.027,15.209,17.918,0.154,0.000,0.000,0.000,0.000,0.000,0.000,0.000,21.000,2.000,2024.000,15.000,53.000,18.000
151.000,414.301,1004.128,15.180,1.213,970.929,40.007,447345.365,0.000,0.000,0.000,0.000,3.000,3.000,81.171,0.000,0.008,0.027,16.189,0.000,0.732,-0.000,-2.781,0.000,0.033,15.207,11.346,0.154,0.000,0.000,0.000,0.000,0.000,0.000,0.000,21.000,2.000,2024.000,15.000,53.000,18.000
151.000,414.301,1004.128,15.180,1.213,970.929,40.007,447345.365,0.000,0.000,0.000,0.000,3.000,3.000,81.177,0.000,0.014,0.027,16.195,0.000,0.732,-0.000,1.629,0.000,0.033,15.200,17.066,0.154,0.000,0.000,0.000,0.000,0.000,0.000,0.000,21.000,2.000,2024.000,15.000,53.000,18.000
151.000,414.301,1004.128,15.180,1.213,970.929,40.007,447345.365,0.000,0.000,0.000,0.000,3.000,3.000,81.168,0.000,0.012,0.027,16.196,0.000,0.732,-0.000,-1.559,0.000,0.038,15.203,16.227,0.154,0.000,0.000,0.000,0.000,0.000,0.000,0.000,21.000,2.000,2024.000,15.000,53.000,18.000
151.000,414.297,1004.130,15.180,1.213,970.920,40.007,447343.634,0.000,0.000,0.000,0.000,3.000,3.000,81.171,0.000,0.010,0.027,16.206,0.000,0.732,-0.000,1.253,0.000,0.027,15.222,14.663,0.154,0.000,0.000,0.000,0.000,0.000,0.000,0.000,21.000,2.000,2024.000,15.000,53.000,18.000
151.000,414.297,1004.130,15.180,1.213,970.920,40.007,447343.634,0.000,0.000,0.000,0.000,3.000,3.000,81.167,0.000,0.012,0.027,16.206,0.000,0.732,-0.000,2.374,0.000,0.038,15.222,16.603,0.154,0.000,0.000,0.000,0.000,0.000,0.000,0.000,21.000,2.000,2024.000,15.000,53.000,18.000
151.000,414.289,1004.130,15.180,1.213,970.901,40.007,447339.282,0.000,0.000,0.000,0.000,3.000,3.000,81.159,0.000,0.008,0.033,16.202,0.000,0.732,-0.000,-1.580,0.000,0.038,15.227,12.931,0.154,0.000,0.000,0.000,0.000,0.000,0.000,0.000,21.000,2.000,2024.000,15.000,53.000,18.000
151.000,414.289,1004.130,15.180,1.213,970.901,40.007,447339.282,0.000,0.000,0.000,0.000,3.000,3.000,81.147,0.000,0.010,0.027,16.202,0.000,0.732,-0.000,2.742,0.000,0.033,15.227,15.256,0.154,0.000,0.000,0.000,0.000,0.000,0.000,0.000,21.000,2.000,2024.000,15.000,53.000,18.000
151.000,414.281,1004.133,15.180,1.213,970.882,40.006,447335.598,0.000,0.000,0.000,0.000,3.000,3.000,81.177,0.000,0.017,0.027,16.190,0.000,0.732,-0.000,-0.527,0.000,0.038,15.213,16.440,0.154,0.000,0.000,0.000,0.000,0.000,0.000,0.000,21.000,2.000,2024.000,15.000,53.000,19.000
151.000,414.281,1004.133,15.180,1.213,970.882,40.006,447335.598,0.000,0.000,0.000,0.000,3.000,3.000,81.183,0.000,0.014,0.027,16.188,0.000,0.732,-0.000,0.358,0.000,0.033,15.211,12.733,0.154,0.000,0.000,0.000,0.000,0.000,0.000,0.000,21.000,2.000,2024.000,15.000,53.000,19.000
151.000,414.299,1004.134,15.180,1.213,970.924,40.007,447345.613,0.000,0.000,0.000,0.000,3.000,3.000,81.164,0.000,0.011,0.027,16.193,0.000,0.732,-0.000,-2.216,0.000,0.033,15.205,13.380,0.154,0.000,0.000,0.000,0.000,0.000,0.000,0.000,21.000,2.000,2024.000,15.000,53.000,19.000
151.000,414.299,1004.134,15.180,1.213,970.924,40.007,447345.613,0.000,0.000,0.000,0.000,3.000,3.000,81.159,0.000,0.012,0.033,16.194,0.000,0.732,-0.000,-0.657,0.000,0.038,15.203,15.234,0.154,0.000,0.000,0.000,0.000,0.000,0.000,0.000,21.000,2.000,2024.000,15.000,53.000,19.000
151.000,414.308,1004.136,15.180,1.213,970.946,40.008,447350.955,0.000,0.000,0.000,0.000,3.000,3.000,81.162,0.000,0.007,0.027,16.197,0.000,0.732,-0.000,0.173,0.000,0.033,15.220,14.601,0.154,0.000,0.000,0.000,0.000,0.000,0.000,0.000,21.000,2.000,2024.000,15.000,53.000,19.000
151.000,414.308,1004.136,15.180,1.213,970.946,40.008,447350.955,0.000,0.000,0.000,0.000,3.000,3.000,81.165,0.000,0.009,0.033,16.199,0.000,0.732,-0.000,2.982,0.000,0.033,15.227,14.404,0.154,0.000,0.000,0.000,0.000,0.000,0.000,0.000,21.000,2.000,2024.000,15.000,53.000,19.000
151.000,414.308,1004.136,15.180,1.213,970.946,40.008,447350.955,0.000,0.000,0.000,0.000,3.000,3.000,81.163,0.000,0.010,0.027,16.191,0.000,0.732,-0.000,3.955,0.000,0.033,15.214,14.758,0.154,0.000,0.000,0.000,0.000,0.000,0.000,0.000,21.000,2.000,2024.000,15.000,53.000,19.000
151.000,414.299,1004.141,15.180,1.213,970.924,40.007,447347.173,0.000,0.000,0.000,0.000,3.000,3.000,81.164,0.000,0.011,0.027,16.186,0.000,0.732,-0.000,0.781,0.000,0.033,15.205,12.062,0.154,0.000,0.000,0.000,0.000,0.000,0.000,0.000,21.000,2.000,2024.000,15.000,53.000,19.000
151.000,414.299,1004.141,15.180,1.213,970.924,40.007,447347.173,0.000,0.000,0.000,0.000,3.000,3.000,81.167,0.000,0.011,0.033,16.198,0.000,0.732,-0.000,-0.309,0.000,0.033,15.210,18.212,0.154,0.000,0.000,0.000,0.000,0.000,0.000,0.000,21.000,2.000,2024.000,15.000,53.000,19.000
151.000,414.282,1004.148,15.180,1.213,970.884,40.006,447339.483,0.000,0.000,0.000,0.000,3.000,3.000,81.173,0.000,0.009,0.027,16.209,0.000,0.732,-0.000,2.328,0.000,0.038,15.216,18.132,0.154,0.000,0.000,0.000,0.000,0.000,0.000,0.000,21.000,2.000,2024.000,15.000,53.000,19.000
151.000,414.282,1004.148,15.180,1.213,970.884,40.006,447339.483,0.000,0.000,0.000,0.000,3.000,3.000,81.186,0.000,0.009,0.027,16.202,0.000,0.732,-0.000,-1.624,0.000,0.033,15.215,11.908,0.154,0.000,0.000,0.000,0.000,0.000,0.000,0.000,21.000,2.000,2024.000,15.000,53.000,20.000
151.000,414.306,1004.150,15.180,1.213,970.941,40.007,447352.985,0.000,0.000,0.000,0.000,3.000,3.000,81.185,0.000,0.013,0.027,16.191,0.000,0.732,-0.000,-0.642,0.000,0.038,15.215,15.385,0.154,0.000,0.000,0.000,0.000,0.000,0.000,0.000,21.000,2.000,2024.000,15.000,53.000,20.000
151.000,414.306,1004.150,15.180,1.213,970.941,40.007,447352.985,0.000,0.000,0.000,0.000,3.000,3.000,81.170,0.000,0.015,0.027,16.192,0.000,0.732,-0.000,0.259,0.000,0.033,15.214,15.862,0.154,0.000,0.000,0.000,0.000,0.000,0.000,0.000,21.000,2.000,2024.000,15.000,53.000,20.000
151.000,414.279,1004.153,15.180,1.213,970.877,40.006,447338.965,0.000,0.000,0.000,0.000,3.000,3.000,81.135,0.000,0.012,0.027,16.192,0.000,0.732,-0.000,-0.224,0.000,0.033,15.210,14.437,0.154,0.000,0.000,0.000,0.000,0.000,0.000,0.000,21.000,2.000,2024.000,15.000,53.000,20.000
151.000,414.279,1004.153,15.180,1.213,970.877,40.006,447338.965,0.000,0.000,0.000,0.000,3.000,3.000,81.128,0.000,0.009,0.027,16.195,0.000,0.732,-0.000,3.705,0.000,0.038,15.209,14.693,0.154,0.000,0.000,0.000,0.000,0.000,0.000,0.000,21.000,2.000,2024.000,15.000,53.000,20.000
151.000,414.233,1004.156,15.180,1.213,970.769,40.004,447314.607,0.000,0.000,0.000,0.000,3.000,3.000,81.144,0.000,0.018,0.027,16.207,0.000,0.732,-0.000,0.698,0.000,0.038,15.204,12.400,0.154,0.000,0.000,0.000,0.000,0.000,0.000,0.000,21.000,2.000,2024.000,15.000,53.000,20.000
151.000,414.233,1004.156,15.180,1.213,970.769,40.004,447314.607,0.000,0.000,0.000,0.000,3.000,3.000,81.152,0.000,0.010,0.027,16.206,0.000,0.732,-0.000,2.689,0.000,0.038,15.205,13.473,0.154,0.000,0.000,0.000,0.000,0.000,0.000,0.000,21.000,2.000,2024.000,15.000,53.000,20.000
151.000,414.233,1004.156,15.180,1.213,970.769,40.004,447314.607,0.000,0.000,0.000,0.000,3.000,3.000,81.150,0.000,0.012,0.027,16.194,0.000,0.732,-0.000,-0.889,0.000,0.033,15.209,16.403,0.154,0.000,0.000,0.000,0.000,0.000,0.000,0.000,21.000,2.000,2024.000,15.000,53.000,20.000
151.000,414.225,1004.158,15.180,1.213,970.750,40.003,447310.700,0.000,0.000,0.000,0.000,3.000,3.000,81.140,0.000,0.008,0.022,16.194,0.000,0.732,-0.000,-3.232,0.000,0.033,15.209,15.042,0.154,0.000,0.000,0.000,0.000,0.000,0.000,0.000,21.000,2.000,2024.000,15.000,53.000,20.000
151.000,414.225,1004.158,15.180,1.213,970.750,40.003,447310.700,0.000,0.000,0.000,0.000,3.000,3.000,81.133,0.000,0.010,0.033,16.209,0.000,0.732,-0.000,-1.625,0.000,0.033,15.221,12.157,0.154,0.000,0.000,0.000,0.000,0.000,0.000,0.000,21.000,2.000,2024.000,15.000,53.000,20.000
151.000,414.193,1004.159,15.180,1.213,970.674,40.002,447293.512,0.000,0.000,0.000,0.000,3.000,3.000,81.145,0.000,0.010,0.033,16.209,0.000,0.732,-0.000,-1.184,0.000,0.033,15.221,16.550,0.154,0.000,0.000,0.000,0.000,0.000,0.000,0.000,21.000,2.000,2024.000,15.000,53.000,21.000
151.000,414.193,1004.159,15.180,1.213,970.674,40.002,447293.512,0.000,0.000,0.000,0.000,3.000,3.000,81.154,0.000,0.011,0.033,16.197,0.000,0.732,-0.000,-1.164,0.000,0.038,15.237,16.655,0.154,0.000,0.000,0.000,0.000,0.000,0.000,0.000,21.000,2.000,2024.000,15.000,53.000,21.000
151.000,414.186,1004.160,15.180,1.213,970.658,40.001,447289.926,0.000,0.000,0.000,0.000,3.000,3.000,81.163,0.000,0.006,0.033,16.196,0.000,0.732,-0.000,2.306,0.000,0.033,15.239,15.619,0.154,0.000,0.000,0.000,0.000,0.000,0.000,0.000,21.000,2.000,2024.000,15.000,53.000,21.000
151.000,414.186,1004.160,15.180,1.213,970.658,40.001,447289.926,0.000,0.000,0.000,0.000,3.000,3.000,81.165,0.000,0.009,0.027,16.193,0.000,0.732,-0.000,-1.292,0.000,0.038,15.220,16.637,0.154,0.000,0.000,0.000,0.000,0.000,0.000,0.000,21.000,2.000,2024.000,15.000,53.000,21.000
151.000,414.171,1004.158,15.180,1.213,970.622,40.000,447281.320,0.000,0.000,0.000,0.000,3.000,3.000,81.153,0.000,0.010,0.022,16.192,0.000,0.732,-0.000,2.038,0.000,0.027,15.215,11.800,0.154,0.000,0.000,0.000,0.000,0.000,0.000,0.000,21.000,2.000,2024.000,15.000,53.000,21.000
151.000,414.171,1004.158,15.180,1.213,970.622,40.000,447281.320,0.000,0.000,0.000,0.000,3.000,3.000,81.158,0.000,0.012,0.027,16.198,0.000,0.732,-0.000,-1.808,0.000,0.033,15.219,15.877,0.154,0.000,0.000,0.000,0.000,0.000,0.000,0.000,21.000,2.000,2024.000,15.000,53.000,21.000
151.000,414.158,1004.160,15.180,1.213,970.592,40.000,447274.692,0.000,0.000,0.000,0.000,3.000,3.000,81.148,0.000,0.011,0.033,16.201,0.000,0.732,-0.000,-1.754,0.000,0.033,15.221,16.406,0.154,0.000,0.000,0.000,0.000,0.000,0.000,0.000,21.000,2.000,2024.000,15.000,53.000,21.000
151.000,414.158,1004.160,15.180,1.213,970.592,40.000,447274.692,0.000,0.000,0.000,0.000,3.000,3.000,81.135,0.000,0.009,0.027,16.195,0.000,0.732,-0.000,-3.014,0.000,0.038,15.222,12.883,0.154,0.000,0.000,0.000,0.000,0.000,0.000,0.000,21.000,2.000,2024.000,15.000,53.000,21.000
151.000,414.158,1004.160,15.180,1.213,970.592,40.000,447274.692,0.000,0.000,0.000,0.000,3.000,3.000,81.145,0.000,0.009,0.027,16.191,0.000,0.732,-0.000,1.198,0.000,0.027,15.222,13.609,0.154,0.000,0.000,0.000,0.000,0.000,0.000,0.000,21.000,2.000,2024.000,15.000,53.000,21.000
151.000,414.141,1004.159,15.180,1.213,970.551,39.999,447265.219,0.000,0.000,0.000,0.000,3.000,3.000,81.140,0.000,0.010,0.027,16.190,0.000,0.732,-0.000,-3.146,0.000,0.033,15.208,15.008,0.154,0.000,0.000,0.000,0.000,0.000,0.000,0.000,21.000,2.000,2024.000,15.000,53.000,21.000
151.000,414.141,1004.159,15.180,1.213,970.551,39.999,447265.219,0.000,0.000,0.000,0.000,3.000,3.000,81.130,0.000,0.010,0.033,16.188,0.000,0.732,-0.000,-0.660,0.000,0.038,15.194,15.163,0.154,0.000,0.000,0.000,0.000,0.000,0.000,0.000,21.000,2.000,2024.000,15.000,53.000,22.000
151.000,414.101,1004.162,15.180,1.213,970.457,39.997,447244.122,0.000,0.000,0.000,0.000,3.000,3.000,81.139,0.000,0.009,0.033,16.197,0.000,0.732,-0.000,2.487,0.000,0.027,15.211,14.815,0.154,0.000,0.000,0.000,0.000,0.000,0.000,0.000,21.000,2.000,2024.000,15.000,53.000,22.000
151.000,414.101,1004.162,15.180,1.213,970.457,39.997,447244.122,0.000,0.000,0.000,0.000,3.000,3.000,81.156,0.000,0.013,0.027,16.210,0.000,0.732,-0.000,2.327,0.000,0.033,15.235,14.746,0.154,0.000,0.000,0.000,0.000,0.000,0.000,0.000,21.000,2.000,2024.000,15.000,53.000,22.000
151.000,414.131,1004.161,15.180,1.213,970.528,39.998,447260.223,0.000,0.000,0.000,0.000,3.000,3.000,81.162,0.000,0.009,0.022,16.210,0.000,0.732,-0.000,-0.173,0.000,0.038,15.227,12.182,0.154,0.000,0.000,0.000,0.000,0.000,0.000,0.000,21.000,2.000,2024.000,15.000,53.000,22.000
151.000,414.131,1004.161,15.180,1.213,970.528,39.998,447260.223,0.000,0.000,0.000,0.000,3.000,3.000,81.166,0.000,0.008,0.027,16.208,0.000,0.732,-0.000,2.540,0.000,0.038,15.210,17.186,0.154,0.000,0.000,0.000,0.000,0.000,0.000,0.000,21.000,2.000,2024.000,15.000,53.000,22.000
151.000,414.149,1004.162,15.180,1.213,970.570,39.999,447270.240,0.000,0.000,0.000,0.000,3.000,3.000,81.171,0.000,0.009,0.027,16.205,0.000,0.732,-0.000,1.760,0.000,0.033,15.213,18.591,0.154,0.000,0.000,0.000,0.000,0.000,0.000,0.000,21.000,2.000,2024.000,15.000,53.000,22.000
151.000,414.149,1004.162,15.180,1.213,970.570,39.999,447270.240,0.000,0.000,0.000,0.000,3.000,3.000,81.171,0.000,0.009,0.027,16.196,0.000,0.732,-0.000,-0.397,0.000,0.027,15.224,12.746,0.154,0.000,0.000,0.000,0.000,0.000,0.000,0.000,21.000,2.000,2024.000,15.000,53.000,22.000
151.000,414.157,1004.163,15.180,1.213,970.589,40.000,447274.816,0.000,0.000,0.000,0.000,3.000,3.000,81.172,0.000,0.011,0.027,16.196,0.000,0.732,-0.000,-3.409,0.000,0.027,15.223,15.518,0.154,0.000,0.000,0.000,0.000,0.000,0.000,0.000,21.000,2.000,2024.000,15.000,53.000,22.000
151.000,414.157,1004.163,15.180,1.213,970.589,40.000,447274.816,0.000,0.000,0.000,0.000,3.000,3.000,81.170,0.000,0.010,0.027,16.195,0.000,0.732,-0.000,-2.635,0.000,0.038,15.215,14.507,0.154,0.000,0.000,0.000,0.000,0.000,0.000,0.000,21.000,2.000,2024.000,15.000,53.000,22.000
151.000,414.157,1004.163,15.180,1.213,970.589,40.000,447274.816,0.000,0.000,0.000,0.000,3.000,3.000,81.156,0.000,0.010,0.027,16.195,0.000,0.732,-0.000,0.599,0.000,0.038,15.215,14.529,0.154,0.000,0.000,0.000,0.000,0.000,0.000,0.000,21.000,2.000,2024.000,15.000,53.000,22.000
151.000,414.184,1004.163,15.180,1.213,970.653,40.001,447289.506,0.000,0.000,0.000,0.000,3.000,3.000,81.155,0.000,0.008,0.027,16.199,0.000,0.732,-0.000,2.146,0.000,0.033,15.215,14.147,0.154,0.000,0.000,0.000,0.000,0.000,0.000,0.000,21.000,2.000,2024.000,15.000,53.000,23.000
151.000,414.184,1004.163,15.180,1.213,970.653,40.001,447289.506,0.000,0.000,0.000,0.000,3.000,3.000,81.148,0.000,0.009,0.027,16.199,0.000,0.732,-0.000,-0.498,0.000,0.033,15.215,13.124,0.154,0.000,0.000,0.000,0.000,0.000,0.000,0.000,21.000,2.000,2024.000,15.000,53.000,23.000
151.000,414.177,1004.168,15.180,1.213,970.636,40.001,447286.811,0.000,0.000,0.000,0.000,3.000,3.000,81.137,0.000,0.008,0.027,16.210,0.000,0.732,-0.000,-0.482,0.000,0.033,15.217,13.269,0.154,0.000,0.000,0.000,0.000,0.000,0.000,0.000,21.000,2.000,2024.000,15.000,53.000,23.000
151.000,414.177,1004.168,15.180,1.213,970.636,40.001,447286.811,0.000,0.000,0.000,0.000,3.000,3.000,81.139,0.000,0.010,0.033,16.211,0.000,0.732,-0.000,0.584,0.000,0.038,15.217,16.442,0.154,0.000,0.000,0.000,0.000,0.000,0.000,0.000,21.000,2.000,2024.000,15.000,53.000,23.000
151.000,414.171,1004.168,15.180,1.213,970.622,40.000,447283.547,0.000,0.000,0.000,0.000,3.000,3.000,81.165,0.000,0.011,0.033,16.219,0.000,0.732,-0.000,2.509,0.000,0.027,15.226,15.101,0.154,0.000,0.000,0.000,0.000,0.000,0.000,0.000,21.000,2.000,2024.000,15.000,53.000,23.000
151.000,414.171,1004.168,15.180,1.213,970.622,40.000,447283.547,0.000,0.000,0.000,0.000,3.000,3.000,81.167,0.000,0.012,0.027,16.221,0.000,0.732,-0.000,-1.590,0.000,0.033,15.228,12.102,0.154,0.000,0.000,0.000,0.000,0.000,0.000,0.000,21.000,2.000,2024.000,15.000,53.000,23.000
151.000,414.199,1004.169,15.180,1.213,970.688,40.002,447299.004,0.000,0.000,0.000,0.000,3.000,3.000,81.173,0.000,0.012,0.027,16.211,0.000,0.732,-0.000,-1.231,0.000,0.033,15.225,16.559,0.154,0.000,0.000,0.000,0.000,0.000,0.000,0.000,21.000,2.000,2024.000,15.000,53.000,23.000
151.000,414.199,1004.169,15.180,1.213,970.688,40.002,447299.004,0.000,0.000,0.000,0.000,3.000,3.000,81.165,0.000,0.012,0.027,16.206,0.000,0.732,-0.000,0.035,0.000,0.033,15.224,15.241,0.154,0.000,0.000,0.000,0.000,0.000,0.000,0.000,21.000,2.000,2024.000,15.000,53.000,23.000
151.000,414.228,1004.171,15.180,1.213,970.757,40.003,447315.228,0.000,0.000,0.000,0.000,3.000,3.000,81.168,0.000,0.006,0.027,16.215,0.000,0.732,-0.000,1.681,0.000,0.033,15.228,15.906,0.154,0.000,0.000,0.000,0.000,0.000,0.000,0.000,21.000,2.000,2024.000,15.000,53.000,23.000
151.000,414.228,1004.171,15.180,1.213,970.757,40.003,447315.228,0.000,0.000,0.000,0.000,3.000,3.000,81.163,0.000,0.009,0.033,16.220,0.000,0.732,-0.000,-1.571,0.000,0.038,15.230,16.744,0.154,0.000,0.000,0.000,0.000,0.000,0.000,0.000,21.000,2.000,2024.000,15.000,53.000,23.000
151.000,414.228,1004.171,15.180,1.213,970.757,40.003,447315.228,0.000,0.000,0.000,0.000,3.000,3.000,81.168,0.000,0.015,0.033,16.205,0.000,0.732,-0.000,0.290,0.000,0.033,15.226,12.763,0.154,0.000,0.000,0.000,0.000,0.000,0.000,0.000,21.000,2.000,2024.000,15.000,53.000,24.000
151.000,414.227,1004.169,15.180,1.213,970.754,40.003,447314.238,0.000,0.000,0.000,0.000,3.000,3.000,81.174,0.000,0.007,0.027,16.190,0.000,0.732,-0.000,2.250,0.000,0.033,15.221,16.018,0.154,0.000,0.000,0.000,0.000,0.000,0.000,0.000,21.000,2.000,2024.000,15.000,53.000,24.000
151.000,414.227,1004.169,15.180,1.213,970.754,40.003,447314.238,0.000,0.000,0.000,0.000,3.000,3.000,81.163,0.000,0.010,0.033,16.193,0.000,0.732,-0.000,-1.855,0.000,0.033,15.218,17.590,0.154,0.000,0.000,0.000,0.000,0.000,0.000,0.000,21.000,2.000,2024.000,15.000,53.000,24.000
151.000,414.249,1004.165,15.180,1.213,970.806,40.004,447325.317,0.000,0.000,0.000,0.000,3.000,3.000,81.151,0.000,0.009,0.027,16.199,0.000,0.732,-0.000,1.101,0.000,0.027,15.214,12.230,0.154,0.000,0.000,0.000,0.000,0.000,0.000,0.000,21.000,2.000,2024.000,15.000,53.000,24.000
151.000,414.249,1004.165,15.180,1.213,970.806,40.004,447325.317,0.000,0.000,0.000,0.000,3.000,3.000,81.155,0.000,0.008,0.022,16.205,0.000,0.732,-0.000,1.807,0.000,0.038,15.216,14.022,0.154,0.000,0.000,0.000,0.000,0.000,0.000,0.000,21.000,2.000,2024.000,15.000,53.000,24.000
151.000,414.248,1004.163,15.180,1.213,970.804,40.004,447324.327,0.000,0.000,0.000,0.000,3.000,3.000,81.163,0.000,0.010,0.027,16.219,0.000,0.732,-0.000,-3.497,0.000,0.038,15.221,14.984,0.154,0.000,0.000,0.000,0.000,0.000,0.000,0.000,21.000,2.000,2024.000,15.000,53.000,24.000
151.000,414.248,1004.163,15.180,1.213,970.804,40.004,447324.327,0.000,0.000,0.000,0.000,3.000,3.000,81.162,0.000,0.009,0.027,16.209,0.000,0.732,-0.000,-2.720,0.000,0.033,15.223,14.509,0.154,0.000,0.000,0.000,0.000,0.000,0.000,0.000,21.000,2.000,2024.000,15.000,53.000,24.000
151.000,414.273,1004.164,15.180,1.213,970.863,40.005,447338.151,0.000,0.000,0.000,0.000,3.000,3.000,81.177,0.000,0.010,0.027,16.169,0.000,0.732,-0.000,0.543,0.000,0.033,15.228,14.555,0.154,0.000,0.000,0.000,0.000,0.000,0.000,0.000,21.000,2.000,2024.000,15.000,53.000,24.000
151.000,414.273,1004.164,15.180,1.213,970.863,40.005,447338.151,0.000,0.000,0.000,0.000,3.000,3.000,81.185,0.000,0.010,0.027,16.173,0.000,0.732,-0.000,2.867,0.000,0.033,15.227,13.063,0.154,0.000,0.000,0.000,0.000,0.000,0.000,0.000,21.000,2.000,2024.000,15.000,53.000,24.000
151.000,414.329,1004.163,15.180,1.213,970.995,40.008,447368.393,0.000,0.000,0.000,0.000,3.000,3.000,81.200,0.000,0.010,0.027,16.208,0.000,0.732,-0.000,1.976,0.000,0.038,15.224,13.449,0.154,0.000,0.000,0.000,0.000,0.000,0.000,0.000,21.000,2.000,2024.000,15.000,53.000,24.000
151.000,414.329,1004.163,15.180,1.213,970.995,40.008,447368.393,0.000,0.000,0.000,0.000,3.000,3.000,81.190,0.000,0.008,0.027,16.208,0.000,0.732,-0.000,3.460,0.000,0.038,15.224,17.298,0.154,0.000,0.000,0.000,0.000,0.000,0.000,0.000,21.000,2.000,2024.000,15.000,53.000,25.000
151.000,414.338,1004.165,15.180,1.213,971.017,40.008,447373.735,0.000,0.000,0.000,0.000,3.000,3.000,81.191,0.000,0.010,0.027,16.198,0.000,0.732,-0.000,-1.570,0.000,0.038,15.219,15.579,0.154,0.000,0.000,0.000,0.000,0.000,0.000,0.000,21.000,2.000,2024.000,15.000,53.000,25.000
151.000,414.338,1004.165,15.180,1.213,971.017,40.008,447373.735,0.000,0.000,0.000,0.000,3.000,3.000,81.177,0.000,0.013,0.033,16.198,0.000,0.732,-0.000,-1.603,0.000,0.033,15.219,12.014,0.154,0.000,0.000,0.000,0.000,0.000,0.000,0.000,21.000,2.000,2024.000,15.000,53.000,25.000
151.000,414.335,1004.162,15.180,1.213,971.009,40.008,447371.435,0.000,0.000,0.000,0.000,3.000,3.000,81.154,0.000,0.011,0.027,16.207,0.000,0.732,-0.000,-2.004,0.000,0.033,15.211,15.946,0.154,0.000,0.000,0.000,0.000,0.000,0.000,0.000,21.000,2.000,2024.000,15.000,53.000,25.000
151.000,414.335,1004.162,15.180,1.213,971.009,40.008,447371.435,0.000,0.000,0.000,0.000,3.000,3.000,81.169,0.000,0.009,0.027,16.208,0.000,0.732,-0.000,-1.707,0.000,0.033,15.210,16.360,0.154,0.000,0.000,0.000,0.000,0.000,0.000,0.000,21.000,2.000,2024.000,15.000,53.000,25.000
151.000,414.335,1004.162,15.180,1.213,971.009,40.008,447371.435,0.000,0.000,0.000,0.000,3.000,3.000,81.174,0.000,0.009,0.027,16.194,0.000,0.732,-0.000,1.565,0.000,0.027,15.220,14.804,0.154,0.000,0.000,0.000,0.000,0.000,0.000,0.000,21.000,2.000,2024.000,15.000,53.000,25.000
151.000,414.376,1004.161,15.180,1.213,971.106,40.010,447393.515,0.000,0.000,0.000,0.000,3.000,3.000,81.188,0.000,0.013,0.027,16.190,0.000,0.732,-0.000,0.916,0.000,0.033,15.223,16.356,0.154,0.000,0.000,0.000,0.000,0.000,0.000,0.000,21.000,2.000,2024.000,15.000,53.000,25.000
151.000,414.376,1004.161,15.180,1.213,971.106,40.010,447393.515,0.000,0.000,0.000,0.000,3.000,3.000,81.188,0.000,0.009,0.022,16.201,0.000,0.732,-0.000,1.246,0.000,0.033,15.220,12.267,0.154,0.000,0.000,0.000,0.000,0.000,0.000,0.000,21.000,2.000,2024.000,15.000,53.000,25.000
151.000,414.400,1004.159,15.180,1.213,971.163,40.012,447406.125,0.000,0.000,0.000,0.000,3.000,3.000,81.182,0.000,0.009,0.027,16.206,0.000,0.732,-0.000,0.518,0.000,0.033,15.219,16.479,0.154,0.000,0.000,0.000,0.000,0.000,0.000,0.000,21.000,2.000,2024.000,15.000,53.000,25.000
151.000,414.400,1004.159,15.180,1.213,971.163,40.012,447406.125,0.000,0.000,0.000,0.000,3.000,3.000,81.181,0.000,0.011,0.027,16.202,0.000,0.732,-0.000,-3.404,0.000,0.033,15.221,16.611,0.154,0.000,0.000,0.000,0.000,0.000,0.000,0.000,21.000,2.000,2024.000,15.000,53.000,25.000
151.000,414.419,1004.156,15.180,1.213,971.208,40.013,447415.791,0.000,0.000,0.000,0.000,3.000,3.000,81.165,0.000,0.007,0.027,16.200,0.000,0.732,-0.000,-0.344,0.000,0.033,15.223,12.626,0.154,0.000,0.000,0.000,0.000,0.000,0.000,0.000,21.000,2.000,2024.000,15.000,53.000,26.000
151.000,414.419,1004.156,15.180,1.213,971.208,40.013,447415.791,0.000,0.000,0.000,0.000,3.000,3.000,81.169,0.000,0.012,0.027,16.207,0.000,0.732,-0.000,-2.273,0.000,0.033,15.221,13.112,0.154,0.000,0.000,0.000,0.000,0.000,0.000,0.000,21.000,2.000,2024.000,15.000,53.000,26.000
151.000,414.408,1004.150,15.180,1.213,971.182,40.012,447408.471,0.000,0.000,0.000,0.000,3.000,3.000,81.173,0.000,0.009,0.027,16.213,0.000,0.732,-0.000,-0.585,0.000,0.033,15.219,14.943,0.154,0.000,0.000,0.000,0.000,0.000,0.000,0.000,21.000,2.000,2024.000,15.000,53.000,26.000
151.000,414.408,1004.150,15.180,1.213,971.182,40.012,447408.471,0.000,0.000,0.000,0.000,3.000,3.000,81.166,0.000,0.007,0.027,16.210,0.000,0.732,-0.000,-0.674,0.000,0.038,15.221,14.270,0.154,0.000,0.000,0.000,0.000,0.000,0.000,0.000,21.000,2.000,2024.000,15.000,53.000,26.000
151.000,414.408,1004.150,15.180,1.213,971.182,40.012,447408.471,0.000,0.000,0.000,0.000,3.000,3.000,81.175,0.000,0.011,0.027,16.205,0.000,0.732,-0.000,2.190,0.000,0.038,15.224,14.728,0.154,0.000,0.000,0.000,0.000,0.000,0.000,0.000,21.000,2.000,2024.000,15.000,53.000,26.000
151.000,414.385,1004.149,15.180,1.213,971.128,40.011,447395.738,0.000,0.000,0.000,0.000,3.000,3.000,81.186,0.000,0.009,0.022,16.210,0.000,0.732,-0.000,2.344,0.000,0.033,15.227,14.510,0.154,0.000,0.000,0.000,0.000,0.000,0.000,0.000,21.000,2.000,2024.000,15.000,53.000,26.000
151.000,414.385,1004.149,15.180,1.213,971.128,40.011,447395.738,0.000,0.000,0.000,0.000,3.000,3.000,81.184,0.000,0.009,0.027,16.221,0.000,0.732,-0.000,-0.527,0.000,0.033,15.234,12.307,0.154,0.000,0.000,0.000,0.000,0.000,0.000,0.000,21.000,2.000,2024.000,15.000,53.000,26.000
151.000,414.402,1004.151,15.180,1.213,971.168,40.012,447405.430,0.000,0.000,0.000,0.000,3.000,3.000,81.191,0.000,0.012,0.027,16.215,0.000,0.732,-0.000,1.759,0.000,0.027,15.226,16.504,0.154,0.000,0.000,0.000,0.000,0.000,0.000,0.000,21.000,2.000,2024.000,15.000,53.000,26.000
151.000,414.402,1004.151,15.180,1.213,971.168,40.012,447405.430,0.000,0.000,0.000,0.000,3.000,3.000,81.201,0.000,0.009,0.027,16.195,0.000,0.732,-0.000,-3.649,0.000,0.033,15.192,16.225,0.154,0.000,0.000,0.000,0.000,0.000,0.000,0.000,21.000,2.000,2024.000,15.000,53.000,26.000
151.000,414.420,1004.146,15.180,1.213,971.210,40.013,447414.107,0.000,0.000,0.000,0.000,3.000,3.000,81.189,0.000,0.010,0.027,16.195,0.000,0.732,-0.000,0.991,0.000,0.033,15.194,11.906,0.154,0.000,0.000,0.000,0.000,0.000,0.000,0.000,21.000,2.000,2024.000,15.000,53.000,26.000
151.000,414.420,1004.146,15.180,1.213,971.210,40.013,447414.107,0.000,0.000,0.000,0.000,3.000,3.000,81.197,0.000,0.009,0.033,16.198,0.000,0.732,-0.000,0.530,0.000,0.033,15.214,17.410,0.154,0.000,0.000,0.000,0.000,0.000,0.000,0.000,21.000,2.000,2024.000,15.000,53.000,27.000
151.000,414.431,1004.147,15.180,1.213,971.236,40.013,447420.314,0.000,0.000,0.000,0.000,3.000,3.000,81.186,0.000,0.009,0.027,16.198,0.000,0.732,-0.000,-1.604,0.000,0.033,15.214,16.129,0.154,0.000,0.000,0.000,0.000,0.000,0.000,0.000,21.000,2.000,2024.000,15.000,53.000,27.000
151.000,414.431,1004.147,15.180,1.213,971.236,40.013,447420.314,0.000,0.000,0.000,0.000,3.000,3.000,81.184,0.000,0.009,0.022,16.195,0.000,0.732,-0.000,2.497,0.000,0.038,15.210,15.442,0.154,0.000,0.000,0.000,0.000,0.000,0.000,0.000,21.000,2.000,2024.000,15.000,53.000,27.000
151.000,414.401,1004.146,15.180,1.213,971.165,40.012,447403.773,0.000,0.000,0.000,0.000,3.000,3.000,81.166,0.000,0.011,0.027,16.195,0.000,0.732,-0.000,0.007,0.000,0.033,15.210,17.810,0.154,0.000,0.000,0.000,0.000,0.000,0.000,0.000,21.000,2.000,2024.000,15.000,53.000,27.000
151.000,414.401,1004.146,15.180,1.213,971.165,40.012,447403.773,0.000,0.000,0.000,0.000,3.000,3.000,81.178,0.000,0.011,0.027,16.196,0.000,0.732,-0.000,0.543,0.000,0.033,15.217,11.161,0.154,0.000,0.000,0.000,0.000,0.000,0.000,0.000,21.000,2.000,2024.000,15.000,53.000,27.000
151.000,414.396,1004.148,15.180,1.213,971.154,40.012,447401.498,0.000,0.000,0.000,0.000,3.000,3.000,81.173,0.000,0.010,0.027,16.196,0.000,0.732,-0.000,1.015,0.000,0.033,15.217,16.871,0.154,0.000,0.000,0.000,0.000,0.000,0.000,0.000,21.000,2.000,2024.000,15.000,53.000,27.000
151.000,414.396,1004.148,15.180,1.213,971.154,40.012,447401.498,0.000,0.000,0.000,0.000,3.000,3.000,81.155,0.000,0.009,0.027,16.190,0.000,0.732,-0.000,-1.397,0.000,0.038,15.228,16.996,0.154,0.000,0.000,0.000,0.000,0.000,0.000,0.000,21.000,2.000,2024.000,15.000,53.000,27.000
151.000,414.396,1004.148,15.180,1.213,971.154,40.012,447401.498,0.000,0.000,0.000,0.000,3.000,3.000,81.157,0.000,0.010,0.027,16.189,0.000,0.732,-0.000,0.300,0.000,0.033,15.230,11.924,0.154,0.000,0.000,0.000,0.000,0.000,0.000,0.000,21.000,2.000,2024.000,15.000,53.000,27.000
151.000,414.402,1004.148,15.180,1.213,971.168,40.012,447404.762,0.000,0.000,0.000,0.000,3.000,3.000,81.174,0.000,0.011,0.027,16.201,0.000,0.732,-0.000,-3.915,0.000,0.038,15.227,13.320,0.154,0.000,0.000,0.000,0.000,0.000,0.000,0.000,21.000,2.000,2024.000,15.000,53.000,27.000
151.000,414.402,1004.148,15.180,1.213,971.168,40.012,447404.762,0.000,0.000,0.000,0.000,3.000,3.000,81.181,0.000,0.011,0.027,16.207,0.000,0.732,-0.000,-0.538,0.000,0.027,15.226,14.867,0.154,0.000,0.000,0.000,0.000,0.000,0.000,0.000,21.000,2.000,2024.000,15.000,53.000,27.000
151.000,414.404,1004.151,15.180,1.213,971.172,40.012,447406.518,0.000,0.000,0.000,0.000,3.000,3.000,81.180,0.000,0.009,0.027,16.208,0.000,0.732,-0.000,-0.041,0.000,0.038,15.231,14.585,0.154,0.000,0.000,0.000,0.000,0.000,0.000,0.000,21.000,2.000,2024.000,15.000,53.000,28.000
151.000,414.404,1004.151,15.180,1.213,971.172,40.012,447406.518,0.000,0.000,0.000,0.000,3.000,3.000,81.174,0.000,0.010,0.027,16.209,0.000,0.732,-0.000,1.224,0.000,0.033,15.235,14.376,0.154,0.000,0.000,0.000,0.000,0.000,0.000,0.000,21.000,2.000,2024.000,15.000,53.000,28.000
151.000,414.409,1004.150,15.180,1.213,971.184,40.012,447409.015,0.000,0.000,0.000,0.000,3.000,3.000,81.174,0.000,0.010,0.027,16.212,0.000,0.732,-0.000,1.698,0.000,0.033,15.235,14.710,0.154,0.000,0.000,0.000,0.000,0.000,0.000,0.000,21.000,2.000,2024.000,15.000,53.000,28.000
151.000,414.409,1004.150,15.180,1.213,971.184,40.012,447409.015,0.000,0.000,0.000,0.000,3.000,3.000,81.180,0.000,0.008,0.033,16.214,0.000,0.732,-0.000,-0.628,0.000,0.027,15.236,13.499,0.154,0.000,0.000,0.000,0.000,0.000,0.000,0.000,21.000,2.000,2024.000,15.000,53.000,28.000
151.000,414.421,1004.148,15.180,1.213,971.213,40.013,447415.097,0.000,0.000,0.000,0.000,3.000,3.000,81.174,0.000,0.010,0.027,16.215,0.000,0.732,-0.000,0.685,0.000,0.027,15.224,16.661,0.154,0.000,0.000,0.000,0.000,0.000,0.000,0.000,21.000,2.000,2024.000,15.000,53.000,28.000
151.000,414.421,1004.148,15.180,1.213,971.213,40.013,447415.097,0.000,0.000,0.000,0.000,3.000,3.000,81.160,0.000,0.011,0.033,16.216,0.000,0.732,-0.000,-0.960,0.000,0.033,15.207,16.249,0.154,0.000,0.000,0.000,0.000,0.000,0.000,0.000,21.000,2.000,2024.000,15.000,53.000,28.000
151.000,414.421,1004.148,15.180,1.213,971.213,40.013,447415.097,0.000,0.000,0.000,0.000,3.000,3.000,81.155,0.000,0.011,0.033,16.221,0.000,0.732,-0.000,-0.008,0.000,0.038,15.211,12.309,0.154,0.000,0.000,0.000,0.000,0.000,0.000,0.000,21.000,2.000,2024.000,15.000,53.000,28.000
151.000,414.398,1004.147,15.180,1.213,971.158,40.012,447402.363,0.000,0.000,0.000,0.000,3.000,3.000,81.166,0.000,0.009,0.027,16.231,0.000,0.732,-0.000,-0.528,0.000,0.038,15.220,15.723,0.154,0.000,0.000,0.000,0.000,0.000,0.000,0.000,21.000,2.000,2024.000,15.000,53.000,28.000
151.000,414.398,1004.147,15.180,1.213,971.158,40.012,447402.363,0.000,0.000,0.000,0.000,3.000,3.000,81.163,0.000,0.012,0.027,16.221,0.000,0.732,-0.000,-1.727,0.000,0.033,15.223,16.255,0.154,0.000,0.000,0.000,0.000,0.000,0.000,0.000,21.000,2.000,2024.000,15.000,53.000,28.000
151.000,414.370,1004.150,15.180,1.213,971.092,40.010,447387.801,0.000,0.000,0.000,0.000,3.000,3.000,81.176,0.000,0.010,0.027,16.183,0.000,0.732,-0.000,0.511,0.000,0.033,15.236,14.803,0.154,0.000,0.000,0.000,0.000,0.000,0.000,0.000,21.000,2.000,2024.000,15.000,53.000,28.000
151.000,414.370,1004.150,15.180,1.213,971.092,40.010,447387.801,0.000,0.000,0.000,0.000,3.000,3.000,81.181,0.000,0.014,0.027,16.185,0.000,0.732,-0.000,0.415,0.000,0.033,15.236,17.182,0.154,0.000,0.000,0.000,0.000,0.000,0.000,0.000,21.000,2.000,2024.000,15.000,53.000,29.000
151.000,414.348,1004.150,15.180,1.213,971.040,40.009,447375.833,0.000,0.000,0.000,0.000,3.000,3.000,81.193,0.000,0.010,0.033,16.203,0.000,0.732,-0.000,0.327,0.000,0.033,15.233,12.660,0.154,0.000,0.000,0.000,0.000,0.000,0.000,0.000,21.000,2.000,2024.000,15.000,53.000,29.000
151.000,414.348,1004.150,15.180,1.213,971.040,40.009,447375.833,0.000,0.000,0.000,0.000,3.000,3.000,81.190,0.000,0.010,0.027,16.203,0.000,0.732,-0.000,1.250,0.000,0.033,15.233,15.523,0.154,0.000,0.000,0.000,0.000,0.000,0.000,0.000,21.000,2.000,2024.000,15.000,53.000,29.000
151.000,414.342,1004.153,15.180,1.213,971.026,40.009,447373.238,0.000,0.000,0.000,0.000,3.000,3.000,81.183,0.000,0.012,0.027,16.223,0.000,0.732,-0.000,-1.184,0.000,0.033,15.216,17.023,0.154,0.000,0.000,0.000,0.000,0.000,0.000,0.000,21.000,2.000,2024.000,15.000,53.000,29.000
151.000,414.342,1004.153,15.180,1.213,971.026,40.009,447373.238,0.000,0.000,0.000,0.000,3.000,3.000,81.200,0.000,0.011,0.027,16.223,0.000,0.732,-0.000,-1.126,0.000,0.033,15.216,12.048,0.154,0.000,0.000,0.000,0.000,0.000,0.000,0.000,21.000,2.000,2024.000,15.000,53.000,29.000
151.000,414.353,1004.150,15.180,1.213,971.052,40.009,447378.553,0.000,0.000,0.000,0.000,3.000,3.000,81.197,0.000,0.013,0.027,16.219,0.000,0.732,-0.000,-0.014,0.000,0.038,15.215,14.777,0.154,0.000,0.000,0.000,0.000,0.000,0.000,0.000,21.000,2.000,2024.000,15.000,53.000,29.000
151.000,414.353,1004.150,15.180,1.213,971.052,40.009,447378.553,0.000,0.000,0.000,0.000,3.000,3.000,81.193,0.000,0.009,0.027,16.219,0.000,0.732,-0.000,-0.538,0.000,0.033,15.215,14.907,0.154,0.000,0.000,0.000,0.000,0.000,0.000,0.000,21.000,2.000,2024.000,15.000,53.000,29.000
151.000,414.378,1004.146,15.180,1.213,971.111,40.011,447391.262,0.000,0.000,0.000,0.000,3.000,3.000,81.190,0.000,0.009,0.027,16.224,0.000,0.732,-0.000,-2.418,0.000,0.038,15.229,14.323,0.154,0.000,0.000,0.000,0.000,0.000,0.000,0.000,21.000,2.000,2024.000,15.000,53.000,29.000
151.000,414.378,1004.146,15.180,1.213,971.111,40.011,447391.262,0.000,0.000,0.000,0.000,3.000,3.000,81.180,0.000,0.011,0.027,16.225,0.000,0.732,-0.000,1.148,0.000,0.033,15.232,14.492,0.154,0.000,0.000,0.000,0.000,0.000,0.000,0.000,21.000,2.000,2024.000,15.000,53.000,29.000
151.000,414.361,1004.141,15.180,1.213,971.071,40.010,447380.900,0.000,0.000,0.000,0.000,3.000,3.000,81.162,0.000,0.011,0.027,16.197,0.000,0.732,-0.000,1.537,0.000,0.038,15.227,14.462,0.154,0.000,0.000,0.000,0.000,0.000,0.000,0.000,21.000,2.000,2024.000,15.000,53.000,29.000
151.000,414.361,1004.141,15.180,1.213,971.071,40.010,447380.900,0.000,0.000,0.000,0.000,3.000,3.000,81.179,0.000,0.013,0.027,16.185,0.000,0.732,-0.000,-0.454,0.000,0.038,15.224,12.660,0.154,0.000,0.000,0.000,0.000,0.000,0.000,0.000,21.000,2.000,2024.000,15.000,53.000,30.000
151.000,414.361,1004.141,15.180,1.213,971.071,40.010,447380.900,0.000,0.000,0.000,0.000,3.000,3.000,81.173,0.000,0.008,0.027,16.199,0.000,0.732,-0.000,1.133,0.000,0.027,15.220,16.289,0.154,0.000,0.000,0.000,0.000,0.000,0.000,0.000,21.000,2.000,2024.000,15.000,53.000,30.000
151.000,414.345,1004.138,15.180,1.213,971.033,40.009,447371.528,0.000,0.000,0.000,0.000,3.000,3.000,81.165,0.000,0.009,0.027,16.208,0.000,0.732,-0.000,-1.083,0.000,0.033,15.216,15.954,0.154,0.000,0.000,0.000,0.000,0.000,0.000,0.000,21.000,2.000,2024.000,15.000,53.000,30.000
151.000,414.345,1004.138,15.180,1.213,971.033,40.009,447371.528,0.000,0.000,0.000,0.000,3.000,3.000,81.180,0.000,0.013,0.027,16.201,0.000,0.732,-0.000,-0.589,0.000,0.038,15.217,11.766,0.154,0.000,0.000,0.000,0.000,0.000,0.000,0.000,21.000,2.000,2024.000,15.000,53.000,30.000
151.000,414.339,1004.135,15.180,1.213,971.019,40.009,447367.596,0.000,0.000,0.000,0.000,3.000,3.000,81.196,0.000,0.012,0.033,16.193,0.000,0.732,-0.000,-1.236,0.000,0.038,15.218,16.628,0.154,0.000,0.000,0.000,0.000,0.000,0.000,0.000,21.000,2.000,2024.000,15.000,53.000,30.000
151.000,414.339,1004.135,15.180,1.213,971.019,40.009,447367.596,0.000,0.000,0.000,0.000,3.000,3.000,81.188,0.000,0.012,0.027,16.193,0.000,0.732,-0.000,-1.583,0.000,0.038,15.218,16.096,0.154,0.000,0.000,0.000,0.000,0.000,0.000,0.000,21.000,2.000,2024.000,15.000,53.000,30.000
151.000,414.336,1004.135,15.180,1.213,971.012,40.009,447365.964,0.000,0.000,0.000,0.000,3.000,3.000,81.179,0.000,0.008,0.027,16.193,0.000,0.732,-0.000,0.525,0.000,0.033,15.219,14.884,0.154,0.000,0.000,0.000,0.000,0.000,0.000,0.000,21.000,2.000,2024.000,15.000,53.000,30.000
151.000,414.336,1004.135,15.180,1.213,971.012,40.009,447365.964,0.000,0.000,0.000,0.000,3.000,3.000,81.189,0.000,0.012,0.027,16.200,0.000,0.732,-0.000,0.486,0.000,0.033,15.221,17.329,0.154,0.000,0.000,0.000,0.000,0.000,0.000,0.000,21.000,2.000,2024.000,15.000,53.000,30.000
151.000,414.336,1004.136,15.180,1.213,971.012,40.009,447366.187,0.000,0.000,0.000,0.000,3.000,3.000,81.157,0.000,0.010,0.022,16.217,0.000,0.732,-0.000,2.612,0.000,0.033,15.226,11.295,0.154,0.000,0.000,0.000,0.000,0.000,0.000,0.000,21.000,2.000,2024.000,15.000,53.000,30.000
151.000,414.336,1004.136,15.180,1.213,971.012,40.009,447366.187,0.000,0.000,0.000,0.000,3.000,3.000,81.152,0.000,0.012,0.033,16.211,0.000,0.732,-0.000,-0.158,0.000,0.033,15.223,16.303,0.154,0.000,0.000,0.000,0.000,0.000,0.000,0.000,21.000,2.000,2024.000,15.000,53.000,30.000
151.000,414.336,1004.136,15.180,1.213,971.012,40.009,447366.187,0.000,0.000,0.000,0.000,3.000,3.000,81.156,0.000,0.010,0.027,16.189,0.000,0.732,-0.000,-0.067,0.000,0.033,15.212,17.311,0.154,0.000,0.000,0.000,0.000,0.000,0.000,0.000,21.000,2.000,2024.000,15.000,53.000,31.000
151.000,414.316,1004.140,15.180,1.213,970.965,40.008,447356.198,0.000,0.000,0.000,0.000,3.000,3.000,81.164,0.000,0.010,0.027,16.190,0.000,0.732,-0.000,-0.509,0.000,0.027,15.215,12.666,0.154,0.000,0.000,0.000,0.000,0.000,0.000,0.000,21.000,2.000,2024.000,15.000,53.000,31.000
151.000,414.316,1004.140,15.180,1.213,970.965,40.008,447356.198,0.000,0.000,0.000,0.000,3.000,3.000,81.181,0.000,0.012,0.027,16.202,0.000,0.732,-0.000,-0.830,0.000,0.038,15.241,14.161,0.154,0.000,0.000,0.000,0.000,0.000,0.000,0.000,21.000,2.000,2024.000,15.000,53.000,31.000
151.000,414.335,1004.140,15.180,1.213,971.009,40.009,447366.534,0.000,0.000,0.000,0.000,3.000,3.000,81.179,0.000,0.015,0.027,16.202,0.000,0.732,-0.000,-3.280,0.000,0.033,15.241,15.341,0.154,0.000,0.000,0.000,0.000,0.000,0.000,0.000,21.000,2.000,2024.000,15.000,53.000,31.000
151.000,414.335,1004.140,15.180,1.213,971.009,40.009,447366.534,0.000,0.000,0.000,0.000,3.000,3.000,81.172,0.000,0.008,0.033,16.204,0.000,0.732,-0.000,-0.592,0.000,0.033,15.234,14.798,0.154,0.000,0.000,0.000,0.000,0.000,0.000,0.000,21.000,2.000,2024.000,15.000,53.000,31.000
151.000,414.326,1004.140,15.180,1.213,970.988,40.008,447361.638,0.000,0.000,0.000,0.000,3.000,3.000,81.166,0.000,0.013,0.027,16.204,0.000,0.732,-0.000,1.263,0.000,0.027,15.234,14.360,0.154,0.000,0.000,0.000,0.000,0.000,0.000,0.000,21.000,2.000,2024.000,15.000,53.000,31.000
151.000,414.326,1004.140,15.180,1.213,970.988,40.008,447361.638,0.000,0.000,0.000,0.000,3.000,3.000,81.175,0.000,0.012,0.033,16.196,0.000,0.732,-0.000,0.268,0.000,0.038,15.249,14.708,0.154,0.000,0.000,0.000,0.000,0.000,0.000,0.000,21.000,2.000,2024.000,15.000,53.000,31.000
151.000,414.331,1004.139,15.180,1.213,971.000,40.009,447364.135,0.000,0.000,0.000,0.000,3.000,3.000,81.176,0.000,0.011,0.027,16.195,0.000,0.732,-0.000,1.920,0.000,0.033,15.251,13.616,0.154,0.000,0.000,0.000,0.000,0.000,0.000,0.000,21.000,2.000,2024.000,15.000,53.000,31.000
151.000,414.331,1004.139,15.180,1.213,971.000,40.009,447364.135,0.000,0.000,0.000,0.000,3.000,3.000,81.171,0.000,0.011,0.027,16.211,0.000,0.732,-0.000,1.236,0.000,0.033,15.233,16.416,0.154,0.000,0.000,0.000,0.000,0.000,0.000,0.000,21.000,2.000,2024.000,15.000,53.000,31.000
151.000,414.339,1004.136,15.180,1.213,971.019,40.009,447367.819,0.000,0.000,0.000,0.000,3.000,3.000,81.164,0.000,0.013,0.027,16.215,0.000,0.732,-0.000,0.014,0.000,0.027,15.229,16.270,0.154,0.000,0.000,0.000,0.000,0.000,0.000,0.000,21.000,2.000,2024.000,15.000,53.000,31.000
151.000,414.339,1004.136,15.180,1.213,971.019,40.009,447367.819,0.000,0.000,0.000,0.000,3.000,3.000,81.159,0.000,0.014,0.022,16.217,0.000,0.732,-0.000,-0.487,0.000,0.033,15.221,11.716,0.154,0.000,0.000,0.000,0.000,0.000,0.000,0.000,21.000,2.000,2024.000,15.000,53.000,32.000
151.000,414.325,1004.137,15.180,1.213,970.986,40.008,447360.426,0.000,0.000,0.000,0.000,3.000,3.000,81.161,0.000,0.013,0.027,16.217,0.000,0.732,-0.000,0.684,0.000,0.038,15.218,16.805,0.154,0.000,0.000,0.000,0.000,0.000,0.000,0.000,21.000,2.000,2024.000,15.000,53.000,32.000
151.000,414.325,1004.137,15.180,1.213,970.986,40.008,447360.426,0.000,0.000,0.000,0.000,3.000,3.000,81.165,0.000,0.012,0.027,16.210,0.000,0.732,-0.000,-0.131,0.000,0.033,15.230,16.317,0.154,0.000,0.000,0.000,0.000,0.000,0.000,0.000,21.000,2.000,2024.000,15.000,53.000,32.000
151.000,414.314,1004.138,15.180,1.213,970.960,40.008,447354.664,0.000,0.000,0.000,0.000,3.000,3.000,81.178,0.000,0.011,0.027,16.205,0.000,0.732,-0.000,2.953,0.000,0.038,15.239,14.441,0.154,0.000,0.000,0.000,0.000,0.000,0.000,0.000,21.000,2.000,2024.000,15.000,53.000,32.000
151.000,414.314,1004.138,15.180,1.213,970.960,40.008,447354.664,0.000,0.000,0.000,0.000,3.000,3.000,81.174,0.000,0.016,0.022,16.217,0.000,0.732,-0.000,0.935,0.000,0.033,15.241,16.238,0.154,0.000,0.000,0.000,0.000,0.000,0.000,0.000,21.000,2.000,2024.000,15.000,53.000,32.000
151.000,414.314,1004.138,15.180,1.213,970.960,40.008,447354.664,0.000,0.000,0.000,0.000,3.000,3.000,81.165,0.000,0.011,0.027,16.229,0.000,0.732,-0.000,-1.198,0.000,0.038,15.244,12.937,0.154,0.000,0.000,0.000,0.000,0.000,0.000,0.000,21.000,2.000,2024.000,15.000,53.000,32.000
151.000,414.296,1004.141,15.180,1.213,970.917,40.007,447345.540,0.000,0.000,0.000,0.000,3.000,3.000,81.170,0.000,0.012,0.027,16.230,0.000,0.732,-0.000,-0.029,0.000,0.033,15.236,16.326,0.154,0.000,0.000,0.000,0.000,0.000,0.000,0.000,21.000,2.000,2024.000,15.000,53.000,32.000
151.000,414.296,1004.141,15.180,1.213,970.917,40.007,447345.540,0.000,0.000,0.000,0.000,3.000,3.000,81.167,0.000,0.013,0.027,16.230,0.000,0.732,-0.000,0.326,0.000,0.038,15.225,16.654,0.154,0.000,0.000,0.000,0.000,0.000,0.000,0.000,21.000,2.000,2024.000,15.000,53.000,32.000
151.000,414.260,1004.144,15.180,1.213,970.832,40.005,447326.624,0.000,0.000,0.000,0.000,3.000,3.000,81.164,0.000,0.011,0.022,16.220,0.000,0.732,-0.000,1.292,0.000,0.033,15.220,12.424,0.154,0.000,0.000,0.000,0.000,0.000,0.000,0.000,21.000,2.000,2024.000,15.000,53.000,32.000
151.000,414.260,1004.144,15.180,1.213,970.832,40.005,447326.624,0.000,0.000,0.000,0.000,3.000,3.000,81.147,0.000,0.016,0.033,16.196,0.000,0.732,-0.000,-1.256,0.000,0.033,15.209,13.237,0.154,0.000,0.000,0.000,0.000,0.000,0.000,0.000,21.000,2.000,2024.000,15.000,53.000,32.000
151.000,414.231,1004.146,15.180,1.213,970.764,40.004,447311.292,0.000,0.000,0.000,0.000,3.000,3.000,81.146,0.000,0.011,0.033,16.204,0.000,0.732,-0.000,0.178,0.000,0.033,15.214,14.913,0.154,0.000,0.000,0.000,0.000,0.000,0.000,0.000,21.000,2.000,2024.000,15.000,53.000,33.000
151.000,414.231,1004.146,15.180,1.213,970.764,40.004,447311.292,0.000,0.000,0.000,0.000,3.000,3.000,81.169,0.000,0.011,0.027,16.235,0.000,0.732,-0.000,-0.593,0.000,0.027,15.236,14.993,0.154,0.000,0.000,0.000,0.000,0.000,0.000,0.000,21.000,2.000,2024.000,15.000,53.000,33.000
151.000,414.225,1004.148,15.180,1.213,970.750,40.003,447308.473,0.000,0.000,0.000,0.000,3.000,3.000,81.181,0.000,0.013,0.027,16.233,0.000,0.732,-0.000,-0.328,0.000,0.027,15.236,13.947,0.154,0.000,0.000,0.000,0.000,0.000,0.000,0.000,21.000,2.000,2024.000,15.000,53.000,33.000
151.000,414.225,1004.148,15.180,1.213,970.750,40.003,447308.473,0.000,0.000,0.000,0.000,3.000,3.000,81.166,0.000,0.010,0.022,16.218,0.000,0.732,-0.000,0.718,0.000,0.038,15.235,15.123,0.154,0.000,0.000,0.000,0.000,0.000,0.000,0.000,21.000,2.000,2024.000,15.000,53.000,33.000
151.000,414.209,1004.147,15.180,1.213,970.712,40.003,447299.545,0.000,0.000,0.000,0.000,3.000,3.000,81.144,0.000,0.012,0.027,16.218,0.000,0.732,-0.000,1.790,0.000,0.033,15.235,11.794,0.154,0.000,0.000,0.000,0.000,0.000,0.000,0.000,21.000,2.000,2024.000,15.000,53.000,33.000
151.000,414.209,1004.147,15.180,1.213,970.712,40.003,447299.545,0.000,0.000,0.000,0.000,3.000,3.000,81.136,0.000,0.013,0.027,16.218,0.000,0.732,-0.000,-1.657,0.000,0.033,15.210,17.156,0.154,0.000,0.000,0.000,0.000,0.000,0.000,0.000,21.000,2.000,2024.000,15.000,53.000,33.000
151.000,414.209,1004.147,15.180,1.213,970.712,40.003,447299.545,0.000,0.000,0.000,0.000,3.000,3.000,81.151,0.000,0.011,0.027,16.218,0.000,0.732,-0.000,0.549,0.000,0.033,15.210,18.993,0.154,0.000,0.000,0.000,0.000,0.000,0.000,0.000,21.000,2.000,2024.000,15.000,53.000,33.000
151.000,414.210,1004.148,15.180,1.213,970.714,40.003,447300.312,0.000,0.000,0.000,0.000,3.000,3.000,81.152,0.000,0.012,0.033,16.225,0.000,0.732,-0.000,2.295,0.000,0.033,15.237,12.739,0.154,0.000,0.000,0.000,0.000,0.000,0.000,0.000,21.000,2.000,2024.000,15.000,53.000,33.000
151.000,414.210,1004.148,15.180,1.213,970.714,40.003,447300.312,0.000,0.000,0.000,0.000,3.000,3.000,81.166,0.000,0.012,0.027,16.226,0.000,0.732,-0.000,-0.681,0.000,0.038,15.240,14.976,0.154,0.000,0.000,0.000,0.000,0.000,0.000,0.000,21.000,2.000,2024.000,15.000,53.000,33.000
151.000,414.198,1004.150,15.180,1.213,970.686,40.002,447294.228,0.000,0.000,0.000,0.000,3.000,3.000,81.166,0.000,0.013,0.027,16.203,0.000,0.732,-0.000,-3.570,0.000,0.033,15.219,14.831,0.154,0.000,0.000,0.000,0.000,0.000,0.000,0.000,21.000,2.000,2024.000,15.000,53.000,33.000
151.000,414.198,1004.150,15.180,1.213,970.686,40.002,447294.228,0.000,0.000,0.000,0.000,3.000,3.000,81.166,0.000,0.013,0.022,16.198,0.000,0.732,-0.000,-0.997,0.000,0.033,15.214,14.814,0.154,0.000,0.000,0.000,0.000,0.000,0.000,0.000,21.000,2.000,2024.000,15.000,53.000,34.000
151.000,414.208,1004.151,15.180,1.213,970.710,40.002,447299.892,0.000,0.000,0.000,0.000,3.000,3.000,81.172,0.000,0.013,0.027,16.215,0.000,0.732,-0.000,-1.055,0.000,0.033,15.218,14.788,0.154,0.000,0.000,0.000,0.000,0.000,0.000,0.000,21.000,2.000,2024.000,15.000,53.000,34.000
151.000,414.208,1004.151,15.180,1.213,970.710,40.002,447299.892,0.000,0.000,0.000,0.000,3.000,3.000,81.176,0.000,0.011,0.027,16.222,0.000,0.732,-0.000,-0.426,0.000,0.038,15.221,12.687,0.154,0.000,0.000,0.000,0.000,0.000,0.000,0.000,21.000,2.000,2024.000,15.000,53.000,34.000
151.000,414.226,1004.153,15.180,1.213,970.752,40.003,447310.131,0.000,0.000,0.000,0.000,3.000,3.000,81.163,0.000,0.009,0.027,16.213,0.000,0.732,-0.000,-2.505,0.000,0.033,15.223,13.904,0.154,0.000,0.000,0.000,0.000,0.000,0.000,0.000,21.000,2.000,2024.000,15.000,53.000,34.000
151.000,414.226,1004.153,15.180,1.213,970.752,40.003,447310.131,0.000,0.000,0.000,0.000,3.000,3.000,81.164,0.000,0.012,0.033,16.207,0.000,0.732,-0.000,0.275,0.000,0.033,15.224,17.077,0.154,0.000,0.000,0.000,0.000,0.000,0.000,0.000,21.000,2.000,2024.000,15.000,53.000,34.000
151.000,414.227,1004.152,15.180,1.213,970.754,40.003,447310.452,0.000,0.000,0.000,0.000,3.000,3.000,81.166,0.000,0.012,0.022,16.210,0.000,0.732,-0.000,-1.640,0.000,0.027,15.227,13.988,0.154,0.000,0.000,0.000,0.000,0.000,0.000,0.000,21.000,2.000,2024.000,15.000,53.000,34.000
151.000,414.227,1004.152,15.180,1.213,970.754,40.003,447310.452,0.000,0.000,0.000,0.000,3.000,3.000,81.173,0.000,0.010,0.027,16.214,0.000,0.732,-0.000,0.008,0.000,0.033,15.231,11.862,0.154,0.000,0.000,0.000,0.000,0.000,0.000,0.000,21.000,2.000,2024.000,15.000,53.000,34.000
151.000,414.235,1004.148,15.180,1.213,970.773,40.004,447313.913,0.000,0.000,0.000,0.000,3.000,3.000,81.181,0.000,0.012,0.027,16.215,0.000,0.732,-0.000,-1.923,0.000,0.033,15.229,15.363,0.154,0.000,0.000,0.000,0.000,0.000,0.000,0.000,21.000,2.000,2024.000,15.000,53.000,34.000
151.000,414.235,1004.148,15.180,1.213,970.773,40.004,447313.913,0.000,0.000,0.000,0.000,3.000,3.000,81.191,0.000,0.011,0.027,16.217,0.000,0.732,-0.000,0.477,0.000,0.033,15.227,14.626,0.154,0.000,0.000,0.000,0.000,0.000,0.000,0.000,21.000,2.000,2024.000,15.000,53.000,34.000
151.000,414.235,1004.148,15.180,1.213,970.773,40.004,447313.913,0.000,0.000,0.000,0.000,3.000,3.000,81.181,0.000,0.013,0.027,16.219,0.000,0.732,-0.000,3.402,0.000,0.033,15.227,13.969,0.154,0.000,0.000,0.000,0.000,0.000,0.000,0.000,21.000,2.000,2024.000,15.000,53.000,34.000
151.000,414.253,1004.147,15.180,1.213,970.816,40.005,447323.484,0.000,0.000,0.000,0.000,3.000,3.000,81.188,0.000,0.013,0.027,16.221,0.000,0.732,-0.000,2.628,0.000,0.038,15.225,15.017,0.154,0.000,0.000,0.000,0.000,0.000,0.000,0.000,21.000,2.000,2024.000,15.000,53.000,35.000
151.000,414.253,1004.147,15.180,1.213,970.816,40.005,447323.484,0.000,0.000,0.000,0.000,3.000,3.000,81.184,0.000,0.013,0.027,16.216,0.000,0.732,-0.000,0.124,0.000,0.033,15.225,11.942,0.154,0.000,0.000,0.000,0.000,0.000,0.000,0.000,21.000,2.000,2024.000,15.000,53.000,35.000
