150.000,104.715,1004.680,14.020,1.219,244.288,20.022,225608.861,0.000,0.000,0.000,0.000,3.000,2.995,40.703,0.000,0.006,0.033,14.911,0.000,0.882,-0.000,-1.911,0.000,0.033,14.567,21.178,0.161,0.000,0.000,0.000,0.000,0.000,0.000,0.000,21.000,2.000,2024.000,15.000,37.000,19.000
150.000,104.703,1004.683,14.020,1.219,244.260,20.021,225596.271,0.000,0.000,0.000,0.000,3.000,2.995,40.701,0.000,0.008,0.027,14.919,0.000,0.879,-0.000,-1.351,0.000,0.038,14.559,19.913,0.161,0.000,0.000,0.000,0.000,0.000,0.000,0.000,21.000,2.000,2024.000,15.000,37.000,19.000
150.000,104.703,1004.683,14.020,1.219,244.260,20.021,225596.271,0.000,0.000,0.000,0.000,3.000,2.995,40.702,0.000,0.006,0.027,14.917,0.000,0.882,-0.000,0.489,0.000,0.038,14.569,18.341,0.161,0.000,0.000,0.000,0.000,0.000,0.000,0.000,21.000,2.000,2024.000,15.000,37.000,19.000
150.000,104.707,1004.687,14.020,1.219,244.270,20.021,225601.029,0.000,0.000,0.000,0.000,3.000,2.995,40.710,0.000,0.006,0.033,14.916,0.000,0.882,-0.000,-0.624,0.000,0.038,14.575,23.435,0.161,0.000,0.000,0.000,0.000,0.000,0.000,0.000,21.000,2.000,2024.000,15.000,37.000,20.000
150.000,104.707,1004.687,14.020,1.219,244.270,20.021,225601.029,0.000,0.000,0.000,0.000,3.000,2.995,40.713,0.000,0.008,0.033,14.924,0.000,0.882,-0.000,-3.671,0.000,0.038,14.584,17.313,0.161,0.000,0.000,0.000,0.000,0.000,0.000,0.000,21.000,2.000,2024.000,15.000,37.000,20.000
150.000,104.714,1004.690,14.020,1.219,244.286,20.022,225608.906,0.000,0.000,0.000,0.000,3.000,2.995,40.714,0.000,0.007,0.033,14.932,0.000,0.882,-0.000,-4.638,0.000,0.038,14.592,16.035,0.161,0.000,0.000,0.000,0.000,0.000,0.000,0.000,21.000,2.000,2024.000,15.000,37.000,20.000
150.000,104.714,1004.690,14.020,1.219,244.286,20.022,225608.906,0.000,0.000,0.000,0.000,3.000,2.995,40.710,0.000,0.009,0.033,14.914,0.000,0.882,-0.000,1.250,0.000,0.038,14.589,20.259,0.161,0.000,0.000,0.000,0.000,0.000,0.000,0.000,21.000,2.000,2024.000,15.000,37.000,20.000
150.000,104.714,1004.690,14.020,1.219,244.286,20.022,225608.906,0.000,0.000,0.000,0.000,3.000,2.995,40.703,0.000,0.007,0.033,14.886,0.000,0.879,-0.000,2.269,0.000,0.033,14.585,17.792,0.161,0.000,0.000,0.000,0.000,0.000,0.000,0.000,21.000,2.000,2024.000,15.000,37.000,20.000
150.000,104.711,1004.694,14.020,1.219,244.279,20.021,225606.124,0.000,0.000,0.000,0.000,3.000,2.995,40.696,0.000,0.006,0.033,14.894,0.000,0.879,-0.000,2.900,0.000,0.033,14.584,16.169,0.161,0.000,0.000,0.000,0.000,0.000,0.000,0.000,21.000,2.000,2024.000,15.000,37.000,20.000
150.000,104.711,1004.694,14.020,1.219,244.279,20.021,225606.124,0.000,0.000,0.000,0.000,3.000,2.995,40.688,0.000,0.007,0.033,14.914,0.000,0.879,-0.000,1.696,0.000,0.038,14.581,20.997,0.161,0.000,0.000,0.000,0.000,0.000,0.000,0.000,21.000,2.000,2024.000,15.000,37.000,20.000
150.000,104.687,1004.699,14.020,1.219,244.223,20.019,225580.830,0.000,0.000,0.000,0.000,3.000,2.995,40.683,0.000,0.006,0.033,14.912,0.000,0.879,-0.000,0.216,0.000,0.033,14.586,19.647,0.161,0.000,0.000,0.000,0.000,0.000,0.000,0.000,21.000,2.000,2024.000,15.000,37.000,20.000
150.000,104.687,1004.699,14.020,1.219,244.223,20.019,225580.830,0.000,0.000,0.000,0.000,3.000,2.995,40.683,0.000,0.008,0.033,14.907,0.000,0.879,-0.000,-0.485,0.000,0.038,14.604,18.018,0.161,0.000,0.000,0.000,0.000,0.000,0.000,0.000,21.000,2.000,2024.000,15.000,37.000,20.000
150.000,104.662,1004.698,14.020,1.219,244.165,20.017,225553.782,0.000,0.000,0.000,0.000,3.000,2.995,40.685,0.000,0.006,0.033,14.908,0.000,0.879,-0.000,3.959,0.000,0.033,14.600,23.701,0.161,0.000,0.000,0.000,0.000,0.000,0.000,0.000,21.000,2.000,2024.000,15.000,37.000,20.000
150.000,104.662,1004.698,14.020,1.219,244.165,20.017,225553.782,0.000,0.000,0.000,0.000,3.000,2.995,40.686,0.000,0.008,0.033,14.921,0.000,0.879,-0.000,1.245,0.000,0.038,14.566,17.152,0.161,0.000,0.000,0.000,0.000,0.000,0.000,0.000,21.000,2.000,2024.000,15.000,37.000,21.000
150.000,104.646,1004.700,14.020,1.219,244.127,20.015,225536.765,0.000,0.000,0.000,0.000,3.000,2.995,40.689,0.000,0.008,0.033,14.921,0.000,0.879,-0.000,0.115,0.000,0.038,14.566,18.836,0.161,0.000,0.000,0.000,0.000,0.000,0.000,0.000,21.000,2.000,2024.000,15.000,37.000,21.000
150.000,104.646,1004.700,14.020,1.219,244.127,20.015,225536.765,0.000,0.000,0.000,0.000,3.000,2.995,40.689,0.000,0.007,0.033,14.920,0.000,0.879,-0.000,-1.432,0.000,0.038,14.579,22.181,0.161,0.000,0.000,0.000,0.000,0.000,0.000,0.000,21.000,2.000,2024.000,15.000,37.000,21.000
150.000,104.643,1004.705,14.020,1.219,244.120,20.015,225534.094,0.000,0.000,0.000,0.000,3.000,2.995,40.693,0.000,0.006,0.033,14.920,0.000,0.879,-0.000,-0.309,0.000,0.033,14.579,17.734,0.161,0.000,0.000,0.000,0.000,0.000,0.000,0.000,21.000,2.000,2024.000,15.000,37.000,21.000
150.000,104.643,1004.705,14.020,1.219,244.120,20.015,225534.094,0.000,0.000,0.000,0.000,3.000,2.995,40.693,0.000,0.008,0.038,14.924,0.000,0.879,-0.000,-2.290,0.000,0.033,14.571,19.235,0.161,0.000,0.000,0.000,0.000,0.000,0.000,0.000,21.000,2.000,2024.000,15.000,37.000,21.000
150.000,104.643,1004.705,14.020,1.219,244.120,20.015,225534.094,0.000,0.000,0.000,0.000,3.000,2.995,40.686,0.000,0.009,0.038,14.924,0.000,0.879,-0.000,-1.875,0.000,0.033,14.570,18.647,0.161,0.000,0.000,0.000,0.000,0.000,0.000,0.000,21.000,2.000,2024.000,15.000,37.000,21.000
150.000,104.641,1004.709,14.020,1.219,244.116,20.014,225532.388,0.000,0.000,0.000,0.000,3.000,2.995,40.682,0.000,0.008,0.033,14.914,0.000,0.879,-0.000,-1.324,0.000,0.033,14.585,14.584,0.161,0.000,0.000,0.000,0.000,0.000,0.000,0.000,21.000,2.000,2024.000,15.000,37.000,21.000
150.000,104.641,1004.709,14.020,1.219,244.116,20.014,225532.388,0.000,0.000,0.000,0.000,3.000,2.995,40.680,0.000,0.008,0.033,14.912,0.000,0.879,-0.000,-1.656,0.000,0.038,14.588,20.610,0.161,0.000,0.000,0.000,0.000,0.000,0.000,0.000,21.000,2.000,2024.000,15.000,37.000,21.000
150.000,104.639,1004.712,14.020,1.219,244.111,20.014,225530.569,0.000,0.000,0.000,0.000,3.000,2.995,40.678,0.000,0.006,0.033,14.916,0.000,0.879,-0.000,1.740,0.000,0.033,14.568,21.642,0.161,0.000,0.000,0.000,0.000,0.000,0.000,0.000,21.000,2.000,2024.000,15.000,37.000,21.000
150.000,104.639,1004.712,14.020,1.219,244.111,20.014,225530.569,0.000,0.000,0.000,0.000,3.000,2.995,40.680,0.000,0.008,0.033,14.917,0.000,0.879,-0.000,2.314,0.000,0.038,14.559,15.659,0.161,0.000,0.000,0.000,0.000,0.000,0.000,0.000,21.000,2.000,2024.000,15.000,37.000,21.000
150.000,104.631,1004.717,14.020,1.219,244.092,20.013,225522.509,0.000,0.000,0.000,0.000,3.000,2.995,40.682,0.000,0.007,0.027,14.907,0.000,0.879,-0.000,3.348,0.000,0.033,14.576,16.647,0.161,0.000,0.000,0.000,0.000,0.000,0.000,0.000,21.000,2.000,2024.000,15.000,37.000,22.000
150.000,104.631,1004.717,14.020,1.219,244.092,20.013,225522.509,0.000,0.000,0.000,0.000,3.000,2.995,40.679,0.000,0.007,0.033,14.899,0.000,0.879,-0.000,4.095,0.000,0.038,14.588,22.799,0.161,0.000,0.000,0.000,0.000,0.000,0.000,0.000,21.000,2.000,2024.000,15.000,37.000,22.000
150.000,104.639,1004.721,14.020,1.219,244.111,20.014,225531.579,0.000,0.000,0.000,0.000,3.000,2.995,40.683,0.000,0.008,0.033,14.904,0.000,0.879,-0.000,3.061,0.000,0.033,14.591,16.082,0.161,0.000,0.000,0.000,0.000,0.000,0.000,0.000,21.000,2.000,2024.000,15.000,37.000,22.000
150.000,104.639,1004.721,14.020,1.219,244.111,20.014,225531.579,0.000,0.000,0.000,0.000,3.000,2.995,40.685,0.000,0.006,0.027,14.909,0.000,0.879,-0.000,-0.652,0.000,0.038,14.594,18.398,0.161,0.000,0.000,0.000,0.000,0.000,0.000,0.000,21.000,2.000,2024.000,15.000,37.000,22.000
150.000,104.645,1004.726,14.020,1.219,244.125,20.015,225538.606,0.000,0.000,0.000,0.000,3.000,2.995,40.684,0.000,0.006,0.033,14.908,0.000,0.879,-0.000,1.715,0.000,0.033,14.600,21.729,0.161,0.000,0.000,0.000,0.000,0.000,0.000,0.000,21.000,2.000,2024.000,15.000,37.000,22.000
150.000,104.645,1004.726,14.020,1.219,244.125,20.015,225538.606,0.000,0.000,0.000,0.000,3.000,2.995,40.686,0.000,0.007,0.033,14.906,0.000,0.879,-0.000,1.858,0.000,0.033,14.609,16.795,0.161,0.000,0.000,0.000,0.000,0.000,0.000,0.000,21.000,2.000,2024.000,15.000,37.000,22.000
150.000,104.645,1004.726,14.020,1.219,244.125,20.015,225538.606,0.000,0.000,0.000,0.000,3.000,2.995,40.690,0.000,0.006,0.033,14.908,0.000,0.879,-0.000,-1.190,0.000,0.033,14.600,20.647,0.161,0.000,0.000,0.000,0.000,0.000,0.000,0.000,21.000,2.000,2024.000,15.000,37.000,22.000
150.000,104.650,1004.729,14.020,1.219,244.137,20.015,225544.331,0.000,0.000,0.000,0.000,3.000,2.995,40.696,0.000,0.005,0.033,14.912,0.000,0.879,-0.000,-0.571,0.000,0.033,14.580,19.502,0.161,0.000,0.000,0.000,0.000,0.000,0.000,0.000,21.000,2.000,2024.000,15.000,37.000,22.000
150.000,104.650,1004.729,14.020,1.219,244.137,20.015,225544.331,0.000,0.000,0.000,0.000,3.000,2.995,40.698,0.000,0.007,0.033,14.915,0.000,0.879,-0.000,-1.985,0.000,0.038,14.580,15.725,0.161,0.000,0.000,0.000,0.000,0.000,0.000,0.000,21.000,2.000,2024.000,15.000,37.000,22.000
150.000,104.650,1004.729,14.020,1.219,244.137,20.015,225544.331,0.000,0.000,0.000,0.000,3.000,2.995,40.688,0.000,0.009,0.027,14.927,0.000,0.879,-0.000,-0.587,0.000,0.038,14.578,23.669,0.161,0.000,0.000,0.000,0.000,0.000,0.000,0.000,21.000,2.000,2024.000,15.000,37.000,22.000
150.000,104.650,1004.729,14.020,1.219,244.137,20.015,225544.331,0.000,0.000,0.000,0.000,3.000,2.995,40.688,0.000,0.005,0.027,14.926,0.000,0.879,-0.000,-0.993,0.000,0.033,14.576,15.627,0.161,0.000,0.000,0.000,0.000,0.000,0.000,0.000,21.000,2.000,2024.000,15.000,37.000,23.000
150.000,104.650,1004.732,14.020,1.219,244.137,20.015,225544.668,0.000,0.000,0.000,0.000,3.000,2.995,40.688,0.000,0.009,0.033,14.914,0.000,0.879,-0.000,-4.030,0.000,0.033,14.555,17.005,0.161,0.000,0.000,0.000,0.000,0.000,0.000,0.000,21.000,2.000,2024.000,15.000,37.000,23.000
150.000,104.650,1004.732,14.020,1.219,244.137,20.015,225544.668,0.000,0.000,0.000,0.000,3.000,2.995,40.685,0.000,0.006,0.027,14.914,0.000,0.879,-0.000,0.966,0.000,0.038,14.555,21.148,0.161,0.000,0.000,0.000,0.000,0.000,0.000,0.000,21.000,2.000,2024.000,15.000,37.000,23.000
150.000,104.647,1004.735,14.020,1.219,244.130,20.015,225541.771,0.000,0.000,0.000,0.000,3.000,2.995,40.693,0.000,0.007,0.033,14.907,0.000,0.879,-0.000,2.296,0.000,0.033,14.596,17.818,0.161,0.000,0.000,0.000,0.000,0.000,0.000,0.000,21.000,2.000,2024.000,15.000,37.000,23.000
150.000,104.647,1004.735,14.020,1.219,244.130,20.015,225541.771,0.000,0.000,0.000,0.000,3.000,2.995,40.688,0.000,0.007,0.027,14.907,0.000,0.879,-0.000,1.429,0.000,0.038,14.596,16.225,0.161,0.000,0.000,0.000,0.000,0.000,0.000,0.000,21.000,2.000,2024.000,15.000,37.000,23.000
150.000,104.643,1004.737,14.020,1.219,244.120,20.014,225537.686,0.000,0.000,0.000,0.000,3.000,2.995,40.686,0.000,0.007,0.033,14.895,0.000,0.875,-0.000,0.394,0.000,0.033,14.596,20.925,0.161,0.000,0.000,0.000,0.000,0.000,0.000,0.000,21.000,2.000,2024.000,15.000,37.000,23.000
150.000,104.643,1004.737,14.020,1.219,244.120,20.014,225537.686,0.000,0.000,0.000,0.000,3.000,2.995,40.692,0.000,0.008,0.033,14.894,0.000,0.875,-0.000,3.999,0.000,0.033,14.596,18.241,0.161,0.000,0.000,0.000,0.000,0.000,0.000,0.000,21.000,2.000,2024.000,15.000,37.000,23.000
150.000,104.643,1004.737,14.020,1.219,244.120,20.014,225537.686,0.000,0.000,0.000,0.000,3.000,2.995,40.691,0.000,0.006,0.033,14.931,0.000,0.879,-0.000,1.370,0.000,0.033,14.582,17.035,0.161,0.000,0.000,0.000,0.000,0.000,0.000,0.000,21.000,2.000,2024.000,15.000,37.000,23.000
150.000,104.643,1004.737,14.020,1.219,244.120,20.014,225537.686,0.000,0.000,0.000,0.000,3.000,2.995,40.686,0.000,0.005,0.033,14.940,0.000,0.875,-0.000,2.439,0.000,0.038,14.579,23.370,0.161,0.000,0.000,0.000,0.000,0.000,0.000,0.000,21.000,2.000,2024.000,15.000,37.000,23.000
150.000,104.643,1004.737,14.020,1.219,244.120,20.014,225537.686,0.000,0.000,0.000,0.000,3.000,2.995,40.687,0.000,0.006,0.033,14.923,0.000,0.875,-0.000,-1.305,0.000,0.033,14.576,18.749,0.161,0.000,0.000,0.000,0.000,0.000,0.000,0.000,21.000,2.000,2024.000,15.000,37.000,23.000
150.000,104.637,1004.739,14.020,1.219,244.106,20.014,225531.444,0.000,0.000,0.000,0.000,3.000,2.995,40.692,0.000,0.007,0.033,14.916,0.000,0.875,-0.000,2.122,0.000,0.033,14.575,18.886,0.161,0.000,0.000,0.000,0.000,0.000,0.000,0.000,21.000,2.000,2024.000,15.000,37.000,24.000
150.000,104.637,1004.739,14.020,1.219,244.106,20.014,225531.444,0.000,0.000,0.000,0.000,3.000,2.995,40.692,0.000,0.007,0.033,14.912,0.000,0.875,-0.000,-2.907,0.000,0.033,14.573,23.311,0.161,0.000,0.000,0.000,0.000,0.000,0.000,0.000,21.000,2.000,2024.000,15.000,37.000,24.000
150.000,104.636,1004.745,14.020,1.219,244.104,20.014,225531.040,0.000,0.000,0.000,0.000,3.000,2.995,40.694,0.000,0.007,0.027,14.910,0.000,0.875,-0.000,-0.993,0.000,0.033,14.571,15.567,0.161,0.000,0.000,0.000,0.000,0.000,0.000,0.000,21.000,2.000,2024.000,15.000,37.000,24.000
150.000,104.636,1004.745,14.020,1.219,244.104,20.014,225531.040,0.000,0.000,0.000,0.000,3.000,2.995,40.693,0.000,0.007,0.033,14.900,0.000,0.875,-0.000,-2.223,0.000,0.033,14.581,18.632,0.158,0.000,0.000,0.000,0.000,0.000,0.000,0.000,21.000,2.000,2024.000,15.000,37.000,24.000
150.000,104.622,1004.748,14.020,1.219,244.071,20.012,225516.289,0.000,0.000,0.000,0.000,3.000,2.995,40.690,0.000,0.007,0.033,14.889,0.000,0.875,-0.000,-1.910,0.000,0.027,14.591,19.244,0.161,0.000,0.000,0.000,0.000,0.000,0.000,0.000,21.000,2.000,2024.000,15.000,37.000,24.000
150.000,104.622,1004.748,14.020,1.219,244.071,20.012,225516.289,0.000,0.000,0.000,0.000,3.000,2.995,40.687,0.000,0.006,0.033,14.897,0.000,0.875,-0.000,-2.348,0.000,0.038,14.590,16.594,0.161,0.000,0.000,0.000,0.000,0.000,0.000,0.000,21.000,2.000,2024.000,15.000,37.000,24.000
150.000,104.623,1004.747,14.020,1.219,244.074,20.012,225517.254,0.000,0.000,0.000,0.000,3.000,2.995,40.689,0.000,0.009,0.033,14.908,0.000,0.875,-0.000,-3.494,0.000,0.038,14.588,18.969,0.161,0.000,0.000,0.000,0.000,0.000,0.000,0.000,21.000,2.000,2024.000,15.000,37.000,24.000
150.000,104.623,1004.747,14.020,1.219,244.074,20.012,225517.254,0.000,0.000,0.000,0.000,3.000,2.995,40.686,0.000,0.007,0.033,14.908,0.000,0.875,-0.000,2.220,0.000,0.038,14.591,21.305,0.161,0.000,0.000,0.000,0.000,0.000,0.000,0.000,21.000,2.000,2024.000,15.000,37.000,24.000
150.000,104.623,1004.747,14.020,1.219,244.074,20.012,225517.254,0.000,0.000,0.000,0.000,3.000,2.995,40.686,0.000,0.007,0.033,14.907,0.000,0.875,-0.000,2.071,0.000,0.033,14.598,16.365,0.161,0.000,0.000,0.000,0.000,0.000,0.000,0.000,21.000,2.000,2024.000,15.000,37.000,24.000
150.000,104.607,1004.744,14.020,1.219,244.036,20.011,225499.674,0.000,0.000,0.000,0.000,3.000,2.995,40.691,0.000,0.008,0.033,14.908,0.000,0.875,-0.000,2.538,0.000,0.038,14.593,17.056,0.161,0.000,0.000,0.000,0.000,0.000,0.000,0.000,21.000,2.000,2024.000,15.000,37.000,24.000
150.000,104.607,1004.744,14.020,1.219,244.036,20.011,225499.674,0.000,0.000,0.000,0.000,3.000,2.995,40.694,0.000,0.008,0.033,14.914,0.000,0.875,-0.000,-1.252,0.000,0.033,14.575,22.555,0.161,0.000,0.000,0.000,0.000,0.000,0.000,0.000,21.000,2.000,2024.000,15.000,37.000,25.000
150.000,104.602,1004.741,14.020,1.219,244.025,20.010,225493.948,0.000,0.000,0.000,0.000,3.000,2.995,40.689,0.000,0.005,0.027,14.912,0.000,0.875,-0.000,2.240,0.000,0.027,14.576,16.088,0.161,0.000,0.000,0.000,0.000,0.000,0.000,0.000,21.000,2.000,2024.000,15.000,37.000,25.000
150.000,104.602,1004.741,14.020,1.219,244.025,20.010,225493.948,0.000,0.000,0.000,0.000,3.000,2.995,40.691,0.000,0.009,0.033,14.899,0.000,0.875,-0.000,1.143,0.000,0.033,14.585,19.180,0.161,0.000,0.000,0.000,0.000,0.000,0.000,0.000,21.000,2.000,2024.000,15.000,37.000,25.000
150.000,104.605,1004.744,14.020,1.219,244.032,20.011,225497.518,0.000,0.000,0.000,0.000,3.000,2.995,40.693,0.000,0.007,0.033,14.899,0.000,0.875,-0.000,-1.082,0.000,0.044,14.585,20.910,0.161,0.000,0.000,0.000,0.000,0.000,0.000,0.000,21.000,2.000,2024.000,15.000,37.000,25.000
150.000,104.605,1004.744,14.020,1.219,244.032,20.011,225497.518,0.000,0.000,0.000,0.000,3.000,2.995,40.687,0.000,0.007,0.033,14.925,0.000,0.875,-0.000,0.504,0.000,0.033,14.587,17.468,0.161,0.000,0.000,0.000,0.000,0.000,0.000,0.000,21.000,2.000,2024.000,15.000,37.000,25.000
150.000,104.596,1004.741,14.020,1.219,244.011,20.010,225487.481,0.000,0.000,0.000,0.000,3.000,2.995,40.693,0.000,0.007,0.027,14.925,0.000,0.875,-0.000,2.149,0.000,0.038,14.587,22.190,0.161,0.000,0.000,0.000,0.000,0.000,0.000,0.000,21.000,2.000,2024.000,15.000,37.000,25.000
150.000,104.596,1004.741,14.020,1.219,244.011,20.010,225487.481,0.000,0.000,0.000,0.000,3.000,2.995,40.701,0.000,0.006,0.027,14.908,0.000,0.875,-0.000,0.210,0.000,0.027,14.586,18.299,0.161,0.000,0.000,0.000,0.000,0.000,0.000,0.000,21.000,2.000,2024.000,15.000,37.000,25.000
150.000,104.596,1004.741,14.020,1.219,244.011,20.010,225487.481,0.000,0.000,0.000,0.000,3.000,2.995,40.704,0.000,0.006,0.033,14.906,0.000,0.875,-0.000,-2.054,0.000,0.033,14.585,17.439,0.161,0.000,0.000,0.000,0.000,0.000,0.000,0.000,21.000,2.000,2024.000,15.000,37.000,25.000
150.000,104.604,1004.740,14.020,1.219,244.029,20.011,225495.991,0.000,0.000,0.000,0.000,3.000,2.995,40.712,0.000,0.007,0.033,14.907,0.000,0.875,-0.000,-0.680,0.000,0.033,14.577,22.256,0.161,0.000,0.000,0.000,0.000,0.000,0.000,0.000,21.000,2.000,2024.000,15.000,37.000,25.000
150.000,104.604,1004.740,14.020,1.219,244.029,20.011,225495.991,0.000,0.000,0.000,0.000,3.000,2.995,40.709,0.000,0.008,0.033,14.907,0.000,0.875,-0.000,-1.295,0.000,0.038,14.574,16.815,0.161,0.000,0.000,0.000,0.000,0.000,0.000,0.000,21.000,2.000,2024.000,15.000,37.000,25.000
150.000,104.593,1004.738,14.020,1.219,244.004,20.010,225483.911,0.000,0.000,0.000,0.000,3.000,2.995,40.705,0.000,0.008,0.027,14.894,0.000,0.875,-0.000,-1.681,0.000,0.033,14.571,17.382,0.161,0.000,0.000,0.000,0.000,0.000,0.000,0.000,21.000,2.000,2024.000,15.000,37.000,26.000
150.000,104.593,1004.738,14.020,1.219,244.004,20.010,225483.911,0.000,0.000,0.000,0.000,3.000,2.995,40.705,0.000,0.008,0.033,14.889,0.000,0.875,-0.000,-0.063,0.000,0.033,14.570,21.452,0.161,0.000,0.000,0.000,0.000,0.000,0.000,0.000,21.000,2.000,2024.000,15.000,37.000,26.000
150.000,104.598,1004.737,14.020,1.219,244.015,20.010,225489.188,0.000,0.000,0.000,0.000,3.000,2.995,40.704,0.000,0.007,0.033,14.899,0.000,0.875,-0.000,3.794,0.000,0.033,14.571,17.130,0.161,0.000,0.000,0.000,0.000,0.000,0.000,0.000,21.000,2.000,2024.000,15.000,37.000,26.000
150.000,104.598,1004.737,14.020,1.219,244.015,20.010,225489.188,0.000,0.000,0.000,0.000,3.000,2.995,40.709,0.000,0.009,0.033,14.906,0.000,0.875,-0.000,1.780,0.000,0.033,14.571,16.127,0.161,0.000,0.000,0.000,0.000,0.000,0.000,0.000,21.000,2.000,2024.000,15.000,37.000,26.000
150.000,104.611,1004.733,14.020,1.219,244.046,20.011,225502.750,0.000,0.000,0.000,0.000,3.000,2.995,40.706,0.000,0.007,0.033,14.905,0.000,0.875,-0.000,0.378,0.000,0.027,14.569,21.695,0.161,0.000,0.000,0.000,0.000,0.000,0.000,0.000,21.000,2.000,2024.000,15.000,37.000,26.000
150.000,104.611,1004.733,14.020,1.219,244.046,20.011,225502.750,0.000,0.000,0.000,0.000,3.000,2.995,40.703,0.000,0.007,0.038,14.904,0.000,0.875,-0.000,3.583,0.000,0.038,14.567,16.918,0.161,0.000,0.000,0.000,0.000,0.000,0.000,0.000,21.000,2.000,2024.000,15.000,37.000,26.000
150.000,104.618,1004.734,14.020,1.219,244.062,20.012,225510.407,0.000,0.000,0.000,0.000,3.000,2.995,40.696,0.000,0.010,0.033,14.900,0.000,0.875,-0.000,1.460,0.000,0.033,14.569,18.573,0.161,0.000,0.000,0.000,0.000,0.000,0.000,0.000,21.000,2.000,2024.000,15.000,37.000,26.000
150.000,104.618,1004.734,14.020,1.219,244.062,20.012,225510.407,0.000,0.000,0.000,0.000,3.000,2.995,40.696,0.000,0.008,0.033,14.894,0.000,0.872,-0.000,1.401,0.000,0.038,14.572,23.552,0.158,0.000,0.000,0.000,0.000,0.000,0.000,0.000,21.000,2.000,2024.000,15.000,37.000,26.000
150.000,104.628,1004.732,14.020,1.219,244.085,20.013,225520.960,0.000,0.000,0.000,0.000,3.000,2.995,40.692,0.000,0.008,0.033,14.904,0.000,0.875,-0.000,1.971,0.000,0.033,14.571,18.355,0.161,0.000,0.000,0.000,0.000,0.000,0.000,0.000,21.000,2.000,2024.000,15.000,37.000,26.000
150.000,104.628,1004.732,14.020,1.219,244.085,20.013,225520.960,0.000,0.000,0.000,0.000,3.000,2.995,40.699,0.000,0.006,0.033,14.926,0.000,0.872,-0.000,1.425,0.000,0.038,14.569,19.839,0.158,0.000,0.000,0.000,0.000,0.000,0.000,0.000,21.000,2.000,2024.000,15.000,37.000,26.000
150.000,104.628,1004.732,14.020,1.219,244.085,20.013,225520.960,0.000,0.000,0.000,0.000,3.000,2.995,40.703,0.000,0.007,0.033,14.921,0.000,0.875,-0.000,-1.597,0.000,0.038,14.572,19.987,0.161,0.000,0.000,0.000,0.000,0.000,0.000,0.000,21.000,2.000,2024.000,15.000,37.000,27.000
150.000,104.637,1004.734,14.020,1.219,244.106,20.014,225530.883,0.000,0.000,0.000,0.000,3.000,2.995,40.702,0.000,0.008,0.033,14.899,0.000,0.872,-0.000,-0.887,0.000,0.038,14.585,17.314,0.161,0.000,0.000,0.000,0.000,0.000,0.000,0.000,21.000,2.000,2024.000,15.000,37.000,27.000
150.000,104.637,1004.734,14.020,1.219,244.106,20.014,225530.883,0.000,0.000,0.000,0.000,3.000,2.995,40.702,0.000,0.008,0.033,14.901,0.000,0.872,-0.000,-2.344,0.000,0.033,14.585,22.063,0.161,0.000,0.000,0.000,0.000,0.000,0.000,0.000,21.000,2.000,2024.000,15.000,37.000,27.000
150.000,104.644,1004.732,14.020,1.219,244.123,20.014,225538.202,0.000,0.000,0.000,0.000,3.000,2.995,40.703,0.000,0.008,0.038,14.918,0.000,0.872,-0.000,-0.729,0.000,0.033,14.578,15.788,0.161,0.000,0.000,0.000,0.000,0.000,0.000,0.000,21.000,2.000,2024.000,15.000,37.000,27.000
150.000,104.644,1004.732,14.020,1.219,244.123,20.014,225538.202,0.000,0.000,0.000,0.000,3.000,2.995,40.711,0.000,0.007,0.027,14.918,0.000,0.872,-0.000,-2.746,0.000,0.033,14.578,15.433,0.161,0.000,0.000,0.000,0.000,0.000,0.000,0.000,21.000,2.000,2024.000,15.000,37.000,27.000
150.000,104.652,1004.728,14.020,1.219,244.141,20.015,225546.374,0.000,0.000,0.000,0.000,3.000,2.995,40.717,0.000,0.009,0.027,14.910,0.000,0.872,-0.000,-1.872,0.000,0.033,14.589,21.537,0.161,0.000,0.000,0.000,0.000,0.000,0.000,0.000,21.000,2.000,2024.000,15.000,37.000,27.000
150.000,104.652,1004.728,14.020,1.219,244.141,20.015,225546.374,0.000,0.000,0.000,0.000,3.000,2.995,40.711,0.000,0.007,0.033,14.910,0.000,0.872,-0.000,3.593,0.000,0.033,14.589,18.549,0.161,0.000,0.000,0.000,0.000,0.000,0.000,0.000,21.000,2.000,2024.000,15.000,37.000,27.000
150.000,104.654,1004.724,14.020,1.219,244.146,20.016,225548.080,0.000,0.000,0.000,0.000,3.000,2.995,40.708,0.000,0.008,0.033,14.915,0.000,0.872,-0.000,1.153,0.000,0.033,14.576,16.197,0.161,0.000,0.000,0.000,0.000,0.000,0.000,0.000,21.000,2.000,2024.000,15.000,37.000,27.000
150.000,104.654,1004.724,14.020,1.219,244.146,20.016,225548.080,0.000,0.000,0.000,0.000,3.000,2.995,40.706,0.000,0.008,0.033,14.915,0.000,0.872,-0.000,1.201,0.000,0.027,14.574,19.270,0.161,0.000,0.000,0.000,0.000,0.000,0.000,0.000,21.000,2.000,2024.000,15.000,37.000,27.000
150.000,104.654,1004.724,14.020,1.219,244.146,20.016,225548.080,0.000,0.000,0.000,0.000,3.000,2.995,40.707,0.000,0.005,0.038,14.916,0.000,0.872,-0.000,3.994,0.000,0.033,14.583,18.136,0.161,0.000,0.000,0.000,0.000,0.000,0.000,0.000,21.000,2.000,2024.000,15.000,37.000,27.000
150.000,104.661,1004.720,14.020,1.219,244.162,20.016,225555.174,0.000,0.000,0.000,0.000,3.000,2.995,40.701,0.000,0.008,0.033,14.916,0.000,0.872,-0.000,-1.245,0.000,0.038,14.585,16.849,0.161,0.000,0.000,0.000,0.000,0.000,0.000,0.000,21.000,2.000,2024.000,15.000,37.000,28.000
150.000,104.661,1004.720,14.020,1.219,244.162,20.016,225555.174,0.000,0.000,0.000,0.000,3.000,2.995,40.704,0.000,0.009,0.033,14.897,0.000,0.872,-0.000,-0.877,0.000,0.033,14.588,22.194,0.161,0.000,0.000,0.000,0.000,0.000,0.000,0.000,21.000,2.000,2024.000,15.000,37.000,28.000
150.000,104.661,1004.716,14.020,1.219,244.162,20.016,225554.725,0.000,0.000,0.000,0.000,3.000,2.995,40.706,0.000,0.007,0.027,14.889,0.000,0.872,-0.000,-1.318,0.000,0.038,14.590,17.554,0.161,0.000,0.000,0.000,0.000,0.000,0.000,0.000,21.000,2.000,2024.000,15.000,37.000,28.000
150.000,104.661,1004.716,14.020,1.219,244.162,20.016,225554.725,0.000,0.000,0.000,0.000,3.000,2.995,40.706,0.000,0.008,0.033,14.898,0.000,0.872,-0.000,-0.973,0.000,0.033,14.590,18.258,0.161,0.000,0.000,0.000,0.000,0.000,0.000,0.000,21.000,2.000,2024.000,15.000,37.000,28.000
150.000,104.673,1004.711,14.020,1.219,244.190,20.017,225567.093,0.000,0.000,0.000,0.000,3.000,2.995,40.712,0.000,0.007,0.033,14.904,0.000,0.872,-0.000,0.677,0.000,0.033,14.590,21.179,0.161,0.000,0.000,0.000,0.000,0.000,0.000,0.000,21.000,2.000,2024.000,15.000,37.000,28.000
150.000,104.673,1004.711,14.020,1.219,244.190,20.017,225567.093,0.000,0.000,0.000,0.000,3.000,2.995,40.717,0.000,0.006,0.033,14.908,0.000,0.872,-0.000,0.165,0.000,0.033,14.586,16.096,0.161,0.000,0.000,0.000,0.000,0.000,0.000,0.000,21.000,2.000,2024.000,15.000,37.000,28.000
150.000,104.682,1004.708,14.020,1.219,244.211,20.018,225576.453,0.000,0.000,0.000,0.000,3.000,2.995,40.719,0.000,0.009,0.033,14.911,0.000,0.872,-0.000,-0.069,0.000,0.033,14.582,21.126,0.161,0.000,0.000,0.000,0.000,0.000,0.000,0.000,21.000,2.000,2024.000,15.000,37.000,28.000
150.000,104.682,1004.708,14.020,1.219,244.211,20.018,225576.453,0.000,0.000,0.000,0.000,3.000,2.995,40.715,0.000,0.007,0.033,14.910,0.000,0.872,-0.000,-1.774,0.000,0.038,14.575,17.970,0.161,0.000,0.000,0.000,0.000,0.000,0.000,0.000,21.000,2.000,2024.000,15.000,37.000,28.000
150.000,104.698,1004.708,14.020,1.219,244.249,20.020,225593.691,0.000,0.000,0.000,0.000,3.000,2.995,40.714,0.000,0.008,0.027,14.908,0.000,0.872,-0.000,-4.002,0.000,0.033,14.565,15.428,0.161,0.000,0.000,0.000,0.000,0.000,0.000,0.000,21.000,2.000,2024.000,15.000,37.000,28.000
150.000,104.698,1004.708,14.020,1.219,244.249,20.020,225593.691,0.000,0.000,0.000,0.000,3.000,2.995,40.718,0.000,0.008,0.033,14.909,0.000,0.872,-0.000,-4.192,0.000,0.033,14.572,20.446,0.161,0.000,0.000,0.000,0.000,0.000,0.000,0.000,21.000,2.000,2024.000,15.000,37.000,28.000
150.000,104.698,1004.708,14.020,1.219,244.249,20.020,225593.691,0.000,0.000,0.000,0.000,3.000,2.995,40.721,0.000,0.006,0.033,14.910,0.000,0.872,-0.000,1.557,0.000,0.038,14.590,20.197,0.161,0.000,0.000,0.000,0.000,0.000,0.000,0.000,21.000,2.000,2024.000,15.000,37.000,29.000
150.000,104.702,1004.707,14.020,1.219,244.258,20.020,225597.888,0.000,0.000,0.000,0.000,3.000,2.995,40.723,0.000,0.008,0.033,14.906,0.000,0.872,-0.000,-0.113,0.000,0.033,14.588,15.629,0.161,0.000,0.000,0.000,0.000,0.000,0.000,0.000,21.000,2.000,2024.000,15.000,37.000,29.000
150.000,104.702,1004.707,14.020,1.219,244.258,20.020,225597.888,0.000,0.000,0.000,0.000,3.000,2.995,40.722,0.000,0.005,0.033,14.893,0.000,0.872,-0.000,3.088,0.000,0.038,14.582,18.378,0.161,0.000,0.000,0.000,0.000,0.000,0.000,0.000,21.000,2.000,2024.000,15.000,37.000,29.000
150.000,104.706,1004.710,14.020,1.219,244.267,20.021,225602.534,0.000,0.000,0.000,0.000,3.000,2.995,40.715,0.000,0.008,0.033,14.894,0.000,0.872,-0.000,0.056,0.000,0.027,14.582,18.874,0.161,0.000,0.000,0.000,0.000,0.000,0.000,0.000,21.000,2.000,2024.000,15.000,37.000,29.000
150.000,104.706,1004.710,14.020,1.219,244.267,20.021,225602.534,0.000,0.000,0.000,0.000,3.000,2.995,40.719,0.000,0.008,0.027,14.903,0.000,0.872,-0.000,2.167,0.000,0.027,14.577,16.449,0.161,0.000,0.000,0.000,0.000,0.000,0.000,0.000,21.000,2.000,2024.000,15.000,37.000,29.000
150.000,104.704,1004.710,14.020,1.219,244.263,20.020,225600.379,0.000,0.000,0.000,0.000,3.000,2.995,40.721,0.000,0.007,0.033,14.903,0.000,0.872,-0.000,-0.116,0.000,0.033,14.577,22.753,0.161,0.000,0.000,0.000,0.000,0.000,0.000,0.000,21.000,2.000,2024.000,15.000,37.000,29.000
150.000,104.704,1004.710,14.020,1.219,244.263,20.020,225600.379,0.000,0.000,0.000,0.000,3.000,2.995,40.720,0.000,0.007,0.038,14.912,0.000,0.872,-0.000,2.020,0.000,0.033,14.562,17.062,0.161,0.000,0.000,0.000,0.000,0.000,0.000,0.000,21.000,2.000,2024.000,15.000,37.000,29.000
150.000,104.710,1004.713,14.020,1.219,244.277,20.021,225607.180,0.000,0.000,0.000,0.000,3.000,2.995,40.717,0.000,0.007,0.033,14.912,0.000,0.872,-0.000,1.523,0.000,0.038,14.562,19.649,0.158,0.000,0.000,0.000,0.000,0.000,0.000,0.000,21.000,2.000,2024.000,15.000,37.000,29.000
150.000,104.710,1004.713,14.020,1.219,244.277,20.021,225607.180,0.000,0.000,0.000,0.000,3.000,2.995,40.721,0.000,0.007,0.033,14.881,0.000,0.872,-0.000,-3.187,0.000,0.038,14.577,21.322,0.161,0.000,0.000,0.000,0.000,0.000,0.000,0.000,21.000,2.000,2024.000,15.000,37.000,29.000
150.000,104.715,1004.713,14.020,1.219,244.288,20.021,225612.566,0.000,0.000,0.000,0.000,3.000,2.995,40.720,0.000,0.010,0.033,14.878,0.000,0.872,-0.000,-1.268,0.000,0.033,14.578,17.339,0.161,0.000,0.000,0.000,0.000,0.000,0.000,0.000,21.000,2.000,2024.000,15.000,37.000,29.000
150.000,104.715,1004.713,14.020,1.219,244.288,20.021,225612.566,0.000,0.000,0.000,0.000,3.000,2.995,40.708,0.000,0.009,0.038,14.907,0.000,0.872,-0.000,0.650,0.000,0.033,14.589,22.212,0.161,0.000,0.000,0.000,0.000,0.000,0.000,0.000,21.000,2.000,2024.000,15.000,37.000,30.000
150.000,104.715,1004.713,14.020,1.219,244.288,20.021,225612.566,0.000,0.000,0.000,0.000,3.000,2.995,40.709,0.000,0.007,0.027,14.914,0.000,0.872,-0.000,-1.302,0.000,0.027,14.591,18.329,0.161,0.000,0.000,0.000,0.000,0.000,0.000,0.000,21.000,2.000,2024.000,15.000,37.000,30.000
150.000,104.721,1004.711,14.020,1.219,244.302,20.022,225618.805,0.000,0.000,0.000,0.000,3.000,2.995,40.709,0.000,0.009,0.033,14.905,0.000,0.872,-0.000,-2.690,0.000,0.033,14.569,14.520,0.161,0.000,0.000,0.000,0.000,0.000,0.000,0.000,21.000,2.000,2024.000,15.000,37.000,30.000
150.000,104.721,1004.711,14.020,1.219,244.302,20.022,225618.805,0.000,0.000,0.000,0.000,3.000,2.995,40.707,0.000,0.007,0.033,14.901,0.000,0.872,-0.000,-0.432,0.000,0.033,14.559,21.649,0.161,0.000,0.000,0.000,0.000,0.000,0.000,0.000,21.000,2.000,2024.000,15.000,37.000,30.000
150.000,104.713,1004.712,14.020,1.219,244.284,20.021,225610.299,0.000,0.000,0.000,0.000,3.000,2.995,40.708,0.000,0.007,0.033,14.902,0.000,0.872,-0.000,3.663,0.000,0.033,14.566,18.869,0.161,0.000,0.000,0.000,0.000,0.000,0.000,0.000,21.000,2.000,2024.000,15.000,37.000,30.000
150.000,104.713,1004.712,14.020,1.219,244.284,20.021,225610.299,0.000,0.000,0.000,0.000,3.000,2.995,40.708,0.000,0.008,0.027,14.903,0.000,0.868,-0.000,1.143,0.000,0.033,14.571,16.096,0.158,0.000,0.000,0.000,0.000,0.000,0.000,0.000,21.000,2.000,2024.000,15.000,37.000,30.000
150.000,104.706,1004.714,14.020,1.219,244.267,20.021,225602.983,0.000,0.000,0.000,0.000,3.000,2.995,40.706,0.000,0.008,0.033,14.902,0.000,0.868,-0.000,-0.301,0.000,0.033,14.563,20.142,0.161,0.000,0.000,0.000,0.000,0.000,0.000,0.000,21.000,2.000,2024.000,15.000,37.000,30.000
150.000,104.706,1004.714,14.020,1.219,244.267,20.021,225602.983,0.000,0.000,0.000,0.000,3.000,2.995,40.706,0.000,0.007,0.027,14.901,0.000,0.868,-0.000,1.826,0.000,0.033,14.556,19.070,0.161,0.000,0.000,0.000,0.000,0.000,0.000,0.000,21.000,2.000,2024.000,15.000,37.000,30.000
150.000,104.705,1004.717,14.020,1.219,244.265,20.020,225602.242,0.000,0.000,0.000,0.000,3.000,2.995,40.711,0.000,0.009,0.033,14.892,0.000,0.868,-0.000,0.404,0.000,0.038,14.570,17.802,0.161,0.000,0.000,0.000,0.000,0.000,0.000,0.000,21.000,2.000,2024.000,15.000,37.000,30.000
150.000,104.705,1004.717,14.020,1.219,244.265,20.020,225602.242,0.000,0.000,0.000,0.000,3.000,2.995,40.715,0.000,0.008,0.033,14.879,0.000,0.868,-0.000,3.284,0.000,0.033,14.592,23.749,0.161,0.000,0.000,0.000,0.000,0.000,0.000,0.000,21.000,2.000,2024.000,15.000,37.000,30.000
150.000,104.710,1004.720,14.020,1.219,244.277,20.021,225607.966,0.000,0.000,0.000,0.000,3.000,2.995,40.716,0.000,0.007,0.027,14.885,0.000,0.868,-0.000,0.524,0.000,0.033,14.591,18.162,0.161,0.000,0.000,0.000,0.000,0.000,0.000,0.000,21.000,2.000,2024.000,15.000,37.000,31.000
150.000,104.710,1004.720,14.020,1.219,244.277,20.021,225607.966,0.000,0.000,0.000,0.000,3.000,2.995,40.712,0.000,0.008,0.033,14.898,0.000,0.868,-0.000,0.077,0.000,0.033,14.589,19.148,0.161,0.000,0.000,0.000,0.000,0.000,0.000,0.000,21.000,2.000,2024.000,15.000,37.000,31.000
150.000,104.710,1004.720,14.020,1.219,244.277,20.021,225607.966,0.000,0.000,0.000,0.000,3.000,2.995,40.706,0.000,0.008,0.033,14.902,0.000,0.868,-0.000,0.375,0.000,0.033,14.584,21.350,0.161,0.000,0.000,0.000,0.000,0.000,0.000,0.000,21.000,2.000,2024.000,15.000,37.000,31.000
150.000,104.700,1004.723,14.020,1.219,244.253,20.020,225597.530,0.000,0.000,0.000,0.000,3.000,2.995,40.701,0.000,0.007,0.033,14.917,0.000,0.868,-0.000,-2.069,0.000,0.038,14.566,16.139,0.161,0.000,0.000,0.000,0.000,0.000,0.000,0.000,21.000,2.000,2024.000,15.000,37.000,31.000
150.000,104.700,1004.723,14.020,1.219,244.253,20.020,225597.530,0.000,0.000,0.000,0.000,3.000,2.995,40.700,0.000,0.008,0.033,14.916,0.000,0.868,-0.000,-3.255,0.000,0.038,14.567,21.018,0.158,0.000,0.000,0.000,0.000,0.000,0.000,0.000,21.000,2.000,2024.000,15.000,37.000,31.000
150.000,104.703,1004.723,14.020,1.219,244.260,20.020,225600.761,0.000,0.000,0.000,0.000,3.000,2.995,40.695,0.000,0.007,0.033,14.902,0.000,0.868,-0.000,-2.707,0.000,0.027,14.575,18.275,0.161,0.000,0.000,0.000,0.000,0.000,0.000,0.000,21.000,2.000,2024.000,15.000,37.000,31.000
150.000,104.703,1004.723,14.020,1.219,244.260,20.020,225600.761,0.000,0.000,0.000,0.000,3.000,2.995,40.690,0.000,0.009,0.033,14.902,0.000,0.868,-0.000,-2.137,0.000,0.033,14.575,16.744,0.161,0.000,0.000,0.000,0.000,0.000,0.000,0.000,21.000,2.000,2024.000,15.000,37.000,31.000
150.000,104.697,1004.725,14.020,1.219,244.246,20.020,225594.522,0.000,0.000,0.000,0.000,3.000,2.995,40.691,0.000,0.008,0.027,14.901,0.000,0.868,-0.000,-0.982,0.000,0.033,14.581,22.720,0.161,0.000,0.000,0.000,0.000,0.000,0.000,0.000,21.000,2.000,2024.000,15.000,37.000,31.000
150.000,104.697,1004.725,14.020,1.219,244.246,20.020,225594.522,0.000,0.000,0.000,0.000,3.000,2.995,40.694,0.000,0.008,0.033,14.901,0.000,0.868,-0.000,2.218,0.000,0.033,14.581,20.914,0.161,0.000,0.000,0.000,0.000,0.000,0.000,0.000,21.000,2.000,2024.000,15.000,37.000,31.000
150.000,104.691,1004.725,14.020,1.219,244.232,20.019,225588.058,0.000,0.000,0.000,0.000,3.000,2.995,40.692,0.000,0.007,0.027,14.903,0.000,0.868,-0.000,1.668,0.000,0.033,14.563,16.512,0.161,0.000,0.000,0.000,0.000,0.000,0.000,0.000,21.000,2.000,2024.000,15.000,37.000,31.000
150.000,104.691,1004.725,14.020,1.219,244.232,20.019,225588.058,0.000,0.000,0.000,0.000,3.000,2.995,40.692,0.000,0.007,0.033,14.903,0.000,0.868,-0.000,1.266,0.000,0.044,14.561,18.660,0.161,0.000,0.000,0.000,0.000,0.000,0.000,0.000,21.000,2.000,2024.000,15.000,37.000,32.000
150.000,104.692,1004.727,14.020,1.219,244.235,20.019,225589.360,0.000,0.000,0.000,0.000,3.000,2.995,40.697,0.000,0.008,0.033,14.904,0.000,0.868,-0.000,1.919,0.000,0.038,14.572,20.777,0.161,0.000,0.000,0.000,0.000,0.000,0.000,0.000,21.000,2.000,2024.000,15.000,37.000,32.000
150.000,104.692,1004.727,14.020,1.219,244.235,20.019,225589.360,0.000,0.000,0.000,0.000,3.000,2.995,40.695,0.000,0.008,0.027,14.904,0.000,0.868,-0.000,1.958,0.000,0.033,14.575,17.081,0.161,0.000,0.000,0.000,0.000,0.000,0.000,0.000,21.000,2.000,2024.000,15.000,37.000,32.000
150.000,104.692,1004.727,14.020,1.219,244.235,20.019,225589.360,0.000,0.000,0.000,0.000,3.000,2.995,40.690,0.000,0.006,0.038,14.901,0.000,0.868,-0.000,-0.142,0.000,0.033,14.579,21.275,0.161,0.000,0.000,0.000,0.000,0.000,0.000,0.000,21.000,2.000,2024.000,15.000,37.000,32.000
150.000,104.693,1004.727,14.020,1.219,244.237,20.019,225590.437,0.000,0.000,0.000,0.000,3.000,2.995,40.688,0.000,0.009,0.027,14.900,0.000,0.868,-0.000,2.176,0.000,0.033,14.581,20.126,0.161,0.000,0.000,0.000,0.000,0.000,0.000,0.000,21.000,2.000,2024.000,15.000,37.000,32.000
150.000,104.693,1004.727,14.020,1.219,244.237,20.019,225590.437,0.000,0.000,0.000,0.000,3.000,2.995,40.686,0.000,0.008,0.033,14.910,0.000,0.868,-0.000,1.735,0.000,0.038,14.574,17.783,0.161,0.000,0.000,0.000,0.000,0.000,0.000,0.000,21.000,2.000,2024.000,15.000,37.000,32.000
150.000,104.686,1004.729,14.020,1.219,244.221,20.019,225583.120,0.000,0.000,0.000,0.000,3.000,2.995,40.687,0.000,0.007,0.033,14.917,0.000,0.868,-0.000,1.927,0.000,0.033,14.570,22.929,0.161,0.000,0.000,0.000,0.000,0.000,0.000,0.000,21.000,2.000,2024.000,15.000,37.000,32.000
150.000,104.686,1004.729,14.020,1.219,244.221,20.019,225583.120,0.000,0.000,0.000,0.000,3.000,2.995,40.688,0.000,0.006,0.027,14.911,0.000,0.868,-0.000,0.328,0.000,0.033,14.558,17.498,0.161,0.000,0.000,0.000,0.000,0.000,0.000,0.000,21.000,2.000,2024.000,15.000,37.000,32.000
150.000,104.674,1004.733,14.020,1.219,244.193,20.017,225570.640,0.000,0.000,0.000,0.000,3.000,2.995,40.693,0.000,0.007,0.033,14.905,0.000,0.868,-0.000,-0.758,0.000,0.033,14.547,18.153,0.161,0.000,0.000,0.000,0.000,0.000,0.000,0.000,21.000,2.000,2024.000,15.000,37.000,32.000
150.000,104.674,1004.733,14.020,1.219,244.193,20.017,225570.640,0.000,0.000,0.000,0.000,3.000,2.995,40.691,0.000,0.010,0.027,14.904,0.000,0.868,-0.000,0.823,0.000,0.038,14.560,20.931,0.161,0.000,0.000,0.000,0.000,0.000,0.000,0.000,21.000,2.000,2024.000,15.000,37.000,32.000
150.000,104.664,1004.738,14.020,1.219,244.169,20.016,225560.427,0.000,0.000,0.000,0.000,3.000,2.995,40.687,0.000,0.007,0.033,14.904,0.000,0.868,-0.000,-3.712,0.000,0.033,14.579,15.015,0.161,0.000,0.000,0.000,0.000,0.000,0.000,0.000,21.000,2.000,2024.000,15.000,37.000,33.000
150.000,104.664,1004.738,14.020,1.219,244.169,20.016,225560.427,0.000,0.000,0.000,0.000,3.000,2.995,40.686,0.000,0.010,0.027,14.896,0.000,0.868,-0.000,0.002,0.000,0.033,14.581,18.674,0.161,0.000,0.000,0.000,0.000,0.000,0.000,0.000,21.000,2.000,2024.000,15.000,37.000,33.000
150.000,104.664,1004.738,14.020,1.219,244.169,20.016,225560.427,0.000,0.000,0.000,0.000,3.000,2.995,40.683,0.000,0.007,0.033,14.879,0.000,0.868,-0.000,-1.643,0.000,0.038,14.586,21.176,0.161,0.000,0.000,0.000,0.000,0.000,0.000,0.000,21.000,2.000,2024.000,15.000,37.000,33.000
150.000,104.667,1004.744,14.020,1.219,244.176,20.017,225564.333,0.000,0.000,0.000,0.000,3.000,2.995,40.686,0.000,0.008,0.033,14.884,0.000,0.868,-0.000,1.159,0.000,0.038,14.583,18.433,0.161,0.000,0.000,0.000,0.000,0.000,0.000,0.000,21.000,2.000,2024.000,15.000,37.000,33.000
150.000,104.667,1004.744,14.020,1.219,244.176,20.017,225564.333,0.000,0.000,0.000,0.000,3.000,2.995,40.689,0.000,0.009,0.027,14.902,0.000,0.868,-0.000,1.790,0.000,0.033,14.568,17.607,0.161,0.000,0.000,0.000,0.000,0.000,0.000,0.000,21.000,2.000,2024.000,15.000,37.000,33.000
150.000,104.657,1004.749,14.020,1.219,244.153,20.016,225554.119,0.000,0.000,0.000,0.000,3.000,2.995,40.689,0.000,0.006,0.038,14.903,0.000,0.868,-0.000,1.818,0.000,0.033,14.570,21.218,0.161,0.000,0.000,0.000,0.000,0.000,0.000,0.000,21.000,2.000,2024.000,15.000,37.000,33.000
150.000,104.657,1004.749,14.020,1.219,244.153,20.016,225554.119,0.000,0.000,0.000,0.000,3.000,2.995,40.686,0.000,0.007,0.033,14.917,0.000,0.868,-0.000,0.282,0.000,0.033,14.593,18.881,0.161,0.000,0.000,0.000,0.000,0.000,0.000,0.000,21.000,2.000,2024.000,15.000,37.000,33.000
150.000,104.640,1004.754,14.020,1.219,244.113,20.014,225536.361,0.000,0.000,0.000,0.000,3.000,2.995,40.685,0.000,0.007,0.033,14.917,0.000,0.868,-0.000,2.779,0.000,0.038,14.593,17.187,0.161,0.000,0.000,0.000,0.000,0.000,0.000,0.000,21.000,2.000,2024.000,15.000,37.000,33.000
150.000,104.640,1004.754,14.020,1.219,244.113,20.014,225536.361,0.000,0.000,0.000,0.000,3.000,2.995,40.680,0.000,0.006,0.027,14.906,0.000,0.868,-0.000,3.084,0.000,0.033,14.584,23.722,0.161,0.000,0.000,0.000,0.000,0.000,0.000,0.000,21.000,2.000,2024.000,15.000,37.000,33.000
150.000,104.622,1004.756,14.020,1.219,244.071,20.012,225517.187,0.000,0.000,0.000,0.000,3.000,2.995,40.680,0.000,0.007,0.027,14.906,0.000,0.868,-0.000,-0.594,0.000,0.033,14.584,18.068,0.158,0.000,0.000,0.000,0.000,0.000,0.000,0.000,21.000,2.000,2024.000,15.000,37.000,33.000
150.000,104.622,1004.756,14.020,1.219,244.071,20.012,225517.187,0.000,0.000,0.000,0.000,3.000,2.995,40.675,0.000,0.007,0.033,14.914,0.000,0.868,-0.000,1.557,0.000,0.027,14.574,20.399,0.161,0.000,0.000,0.000,0.000,0.000,0.000,0.000,21.000,2.000,2024.000,15.000,37.000,34.000
150.000,104.621,1004.756,14.020,1.219,244.069,20.012,225516.109,0.000,0.000,0.000,0.000,3.000,2.995,40.673,0.000,0.008,0.033,14.915,0.000,0.868,-0.000,0.390,0.000,0.038,14.572,21.029,0.161,0.000,0.000,0.000,0.000,0.000,0.000,0.000,21.000,2.000,2024.000,15.000,37.000,34.000
150.000,104.621,1004.756,14.020,1.219,244.069,20.012,225516.109,0.000,0.000,0.000,0.000,3.000,2.995,40.676,0.000,0.008,0.033,14.902,0.000,0.865,-0.000,-1.417,0.000,0.038,14.565,18.063,0.158,0.000,0.000,0.000,0.000,0.000,0.000,0.000,21.000,2.000,2024.000,15.000,37.000,34.000
150.000,104.621,1004.756,14.020,1.219,244.069,20.012,225516.109,0.000,0.000,0.000,0.000,3.000,2.995,40.678,0.000,0.007,0.033,14.898,0.000,0.865,-0.000,-3.011,0.000,0.038,14.563,20.262,0.161,0.000,0.000,0.000,0.000,0.000,0.000,0.000,21.000,2.000,2024.000,15.000,37.000,34.000
150.000,104.615,1004.754,14.020,1.219,244.055,20.011,225509.418,0.000,0.000,0.000,0.000,3.000,2.995,40.682,0.000,0.007,0.033,14.899,0.000,0.865,-0.000,-2.060,0.000,0.038,14.552,20.474,0.161,0.000,0.000,0.000,0.000,0.000,0.000,0.000,21.000,2.000,2024.000,15.000,37.000,34.000
150.000,104.615,1004.754,14.020,1.219,244.055,20.011,225509.418,0.000,0.000,0.000,0.000,3.000,2.995,40.684,0.000,0.008,0.027,14.899,0.000,0.865,-0.000,-1.219,0.000,0.033,14.547,15.035,0.161,0.000,0.000,0.000,0.000,0.000,0.000,0.000,21.000,2.000,2024.000,15.000,37.000,34.000
150.000,104.609,1004.762,14.020,1.219,244.041,20.011,225503.849,0.000,0.000,0.000,0.000,3.000,2.995,40.681,0.000,0.008,0.038,14.889,0.000,0.865,-0.000,-3.498,0.000,0.038,14.564,19.865,0.161,0.000,0.000,0.000,0.000,0.000,0.000,0.000,21.000,2.000,2024.000,15.000,37.000,34.000
150.000,104.609,1004.762,14.020,1.219,244.041,20.011,225503.849,0.000,0.000,0.000,0.000,3.000,2.995,40.687,0.000,0.008,0.027,14.882,0.000,0.865,-0.000,2.350,0.000,0.038,14.576,20.210,0.161,0.000,0.000,0.000,0.000,0.000,0.000,0.000,21.000,2.000,2024.000,15.000,37.000,34.000
150.000,104.602,1004.765,14.020,1.219,244.025,20.010,225496.641,0.000,0.000,0.000,0.000,3.000,2.995,40.682,0.000,0.007,0.038,14.894,0.000,0.865,-0.000,2.164,0.000,0.033,14.579,16.869,0.158,0.000,0.000,0.000,0.000,0.000,0.000,0.000,21.000,2.000,2024.000,15.000,37.000,34.000
150.000,104.602,1004.765,14.020,1.219,244.025,20.010,225496.641,0.000,0.000,0.000,0.000,3.000,2.995,40.681,0.000,0.008,0.027,14.905,0.000,0.865,-0.000,1.323,0.000,0.038,14.583,17.261,0.161,0.000,0.000,0.000,0.000,0.000,0.000,0.000,21.000,2.000,2024.000,15.000,37.000,34.000
150.000,104.619,1004.739,14.020,1.219,244.064,20.012,225512.046,0.000,0.000,0.000,0.000,3.000,2.995,40.682,0.000,0.008,0.033,14.909,0.000,0.865,-0.000,0.271,0.000,0.038,14.588,21.689,0.161,0.000,0.000,0.000,0.000,0.000,0.000,0.000,21.000,2.000,2024.000,15.000,37.000,35.000
150.000,104.619,1004.739,14.020,1.219,244.064,20.012,225512.046,0.000,0.000,0.000,0.000,3.000,2.995,40.684,0.000,0.011,0.033,14.915,0.000,0.865,-0.000,1.498,0.000,0.033,14.596,16.137,0.161,0.000,0.000,0.000,0.000,0.000,0.000,0.000,21.000,2.000,2024.000,15.000,37.000,35.000
150.000,104.641,1004.713,14.020,1.219,244.116,20.014,225532.837,0.000,0.000,0.000,0.000,3.000,2.995,40.689,0.000,0.008,0.033,14.909,0.000,0.865,-0.000,1.930,0.000,0.038,14.591,19.337,0.161,0.000,0.000,0.000,0.000,0.000,0.000,0.000,21.000,2.000,2024.000,15.000,37.000,35.000
150.000,104.641,1004.713,14.020,1.219,244.116,20.014,225532.837,0.000,0.000,0.000,0.000,3.000,2.995,40.692,0.000,0.008,0.033,14.897,0.000,0.865,-0.000,0.958,0.000,0.033,14.580,21.427,0.161,0.000,0.000,0.000,0.000,0.000,0.000,0.000,21.000,2.000,2024.000,15.000,37.000,35.000
150.000,104.641,1004.713,14.020,1.219,244.116,20.014,225532.837,0.000,0.000,0.000,0.000,3.000,2.995,40.693,0.000,0.007,0.033,14.901,0.000,0.865,-0.000,0.302,0.000,0.033,14.584,17.522,0.161,0.000,0.000,0.000,0.000,0.000,0.000,0.000,21.000,2.000,2024.000,15.000,37.000,35.000
150.000,104.637,1004.700,14.020,1.219,244.106,20.014,225527.067,0.000,0.000,0.000,0.000,3.000,2.995,40.696,0.000,0.007,0.033,14.914,0.000,0.865,-0.000,-0.089,0.000,0.033,14.599,21.608,0.161,0.000,0.000,0.000,0.000,0.000,0.000,0.000,21.000,2.000,2024.000,15.000,37.000,35.000
150.000,104.637,1004.700,14.020,1.219,244.106,20.014,225527.067,0.000,0.000,0.000,0.000,3.000,2.995,40.700,0.000,0.006,0.033,14.913,0.000,0.865,-0.000,-0.873,0.000,0.033,14.595,19.185,0.161,0.000,0.000,0.000,0.000,0.000,0.000,0.000,21.000,2.000,2024.000,15.000,37.000,35.000
150.000,104.629,1004.695,14.020,1.219,244.088,20.013,225517.885,0.000,0.000,0.000,0.000,3.000,2.995,40.704,0.000,0.008,0.033,14.909,0.000,0.865,-0.000,-2.034,0.000,0.033,14.566,16.493,0.161,0.000,0.000,0.000,0.000,0.000,0.000,0.000,21.000,2.000,2024.000,15.000,37.000,35.000
150.000,104.629,1004.695,14.020,1.219,244.088,20.013,225517.885,0.000,0.000,0.000,0.000,3.000,2.995,40.710,0.000,0.008,0.033,14.909,0.000,0.865,-0.000,-0.686,0.000,0.033,14.566,22.861,0.161,0.000,0.000,0.000,0.000,0.000,0.000,0.000,21.000,2.000,2024.000,15.000,37.000,35.000
150.000,104.638,1004.690,14.020,1.219,244.109,20.014,225527.022,0.000,0.000,0.000,0.000,3.000,2.995,40.706,0.000,0.009,0.027,14.909,0.000,0.865,-0.000,-3.692,0.000,0.033,14.599,16.108,0.161,0.000,0.000,0.000,0.000,0.000,0.000,0.000,21.000,2.000,2024.000,15.000,37.000,35.000
150.000,104.638,1004.690,14.020,1.219,244.109,20.014,225527.022,0.000,0.000,0.000,0.000,3.000,2.995,40.705,0.000,0.007,0.033,14.909,0.000,0.865,-0.000,-2.331,0.000,0.038,14.599,17.623,0.161,0.000,0.000,0.000,0.000,0.000,0.000,0.000,21.000,2.000,2024.000,15.000,37.000,36.000
150.000,104.643,1004.686,14.020,1.219,244.120,20.015,225531.961,0.000,0.000,0.000,0.000,3.000,2.995,40.709,0.000,0.006,0.033,14.899,0.000,0.865,-0.000,0.235,0.000,0.038,14.578,22.317,0.161,0.000,0.000,0.000,0.000,0.000,0.000,0.000,21.000,2.000,2024.000,15.000,37.000,36.000
150.000,104.643,1004.686,14.020,1.219,244.120,20.015,225531.961,0.000,0.000,0.000,0.000,3.000,2.995,40.705,0.000,0.006,0.033,14.897,0.000,0.865,-0.000,4.422,0.000,0.033,14.576,17.972,0.161,0.000,0.000,0.000,0.000,0.000,0.000,0.000,21.000,2.000,2024.000,15.000,37.000,36.000
150.000,104.656,1004.683,14.020,1.219,244.151,20.016,225545.633,0.000,0.000,0.000,0.000,3.000,2.995,40.705,0.000,0.007,0.033,14.899,0.000,0.865,-0.000,0.788,0.000,0.038,14.568,15.983,0.161,0.000,0.000,0.000,0.000,0.000,0.000,0.000,21.000,2.000,2024.000,15.000,37.000,36.000
150.000,104.656,1004.683,14.020,1.219,244.151,20.016,225545.633,0.000,0.000,0.000,0.000,3.000,2.995,40.704,0.000,0.006,0.033,14.899,0.000,0.865,-0.000,2.535,0.000,0.033,14.567,20.437,0.161,0.000,0.000,0.000,0.000,0.000,0.000,0.000,21.000,2.000,2024.000,15.000,37.000,36.000
150.000,104.656,1004.683,14.020,1.219,244.151,20.016,225545.633,0.000,0.000,0.000,0.000,3.000,2.995,40.703,0.000,0.007,0.033,14.898,0.000,0.865,-0.000,-0.128,0.000,0.033,14.563,18.262,0.161,0.000,0.000,0.000,0.000,0.000,0.000,0.000,21.000,2.000,2024.000,15.000,37.000,36.000
150.000,104.672,1004.681,14.020,1.219,244.188,20.018,225562.648,0.000,0.000,0.000,0.000,3.000,2.995,40.702,0.000,0.008,0.033,14.897,0.000,0.865,-0.000,1.469,0.000,0.038,14.562,19.201,0.161,0.000,0.000,0.000,0.000,0.000,0.000,0.000,21.000,2.000,2024.000,15.000,37.000,36.000
150.000,104.672,1004.681,14.020,1.219,244.188,20.018,225562.648,0.000,0.000,0.000,0.000,3.000,2.995,40.704,0.000,0.007,0.033,14.890,0.000,0.865,-0.000,0.549,0.000,0.033,14.560,23.063,0.161,0.000,0.000,0.000,0.000,0.000,0.000,0.000,21.000,2.000,2024.000,15.000,37.000,36.000
150.000,104.684,1004.682,14.020,1.219,244.216,20.019,225575.689,0.000,0.000,0.000,0.000,3.000,2.995,40.704,0.000,0.008,0.033,14.886,0.000,0.865,-0.000,0.395,0.000,0.033,14.558,17.640,0.161,0.000,0.000,0.000,0.000,0.000,0.000,0.000,21.000,2.000,2024.000,15.000,37.000,36.000
150.000,104.684,1004.682,14.020,1.219,244.216,20.019,225575.689,0.000,0.000,0.000,0.000,3.000,2.995,40.702,0.000,0.007,0.033,14.904,0.000,0.865,-0.000,1.517,0.000,0.033,14.572,21.316,0.161,0.000,0.000,0.000,0.000,0.000,0.000,0.000,21.000,2.000,2024.000,15.000,37.000,36.000
150.000,104.705,1004.681,14.020,1.219,244.265,20.021,225598.201,0.000,0.000,0.000,0.000,3.000,2.995,40.702,0.000,0.007,0.033,14.922,0.000,0.865,-0.000,-1.555,0.000,0.033,14.586,20.604,0.161,0.000,0.000,0.000,0.000,0.000,0.000,0.000,21.000,2.000,2024.000,15.000,37.000,37.000
150.000,104.705,1004.681,14.020,1.219,244.265,20.021,225598.201,0.000,0.000,0.000,0.000,3.000,2.995,40.701,0.000,0.008,0.027,14.915,0.000,0.865,-0.000,-2.691,0.000,0.033,14.582,16.875,0.161,0.000,0.000,0.000,0.000,0.000,0.000,0.000,21.000,2.000,2024.000,15.000,37.000,37.000
150.000,104.702,1004.682,14.020,1.219,244.258,20.021,225595.081,0.000,0.000,0.000,0.000,3.000,2.995,40.702,0.000,0.006,0.033,14.906,0.000,0.861,-0.000,-1.598,0.000,0.033,14.576,21.938,0.161,0.000,0.000,0.000,0.000,0.000,0.000,0.000,21.000,2.000,2024.000,15.000,37.000,37.000
150.000,104.702,1004.682,14.020,1.219,244.258,20.021,225595.081,0.000,0.000,0.000,0.000,3.000,2.995,40.705,0.000,0.006,0.033,14.900,0.000,0.865,-0.000,-2.317,0.000,0.033,14.574,16.971,0.161,0.000,0.000,0.000,0.000,0.000,0.000,0.000,21.000,2.000,2024.000,15.000,37.000,37.000
150.000,104.701,1004.684,14.020,1.219,244.256,20.020,225594.228,0.000,0.000,0.000,0.000,3.000,2.995,40.708,0.000,0.007,0.027,14.887,0.000,0.865,-0.000,-3.294,0.000,0.033,14.567,15.288,0.161,0.000,0.000,0.000,0.000,0.000,0.000,0.000,21.000,2.000,2024.000,15.000,37.000,37.000
150.000,104.701,1004.684,14.020,1.219,244.256,20.020,225594.228,0.000,0.000,0.000,0.000,3.000,2.995,40.707,0.000,0.008,0.033,14.892,0.000,0.865,-0.000,-0.215,0.000,0.038,14.570,22.085,0.158,0.000,0.000,0.000,0.000,0.000,0.000,0.000,21.000,2.000,2024.000,15.000,37.000,37.000
150.000,104.701,1004.684,14.020,1.219,244.256,20.020,225594.228,0.000,0.000,0.000,0.000,3.000,2.995,40.705,0.000,0.006,0.033,14.915,0.000,0.865,-0.000,2.787,0.000,0.033,14.582,19.922,0.158,0.000,0.000,0.000,0.000,0.000,0.000,0.000,21.000,2.000,2024.000,15.000,37.000,37.000
150.000,104.708,1004.683,14.020,1.219,244.272,20.021,225601.657,0.000,0.000,0.000,0.000,3.000,2.995,40.709,0.000,0.008,0.033,14.913,0.000,0.865,-0.000,1.987,0.000,0.038,14.581,15.319,0.161,0.000,0.000,0.000,0.000,0.000,0.000,0.000,21.000,2.000,2024.000,15.000,37.000,37.000
150.000,104.708,1004.683,14.020,1.219,244.272,20.021,225601.657,0.000,0.000,0.000,0.000,3.000,2.995,40.708,0.000,0.006,0.033,14.892,0.000,0.865,-0.000,0.160,0.000,0.038,14.570,19.283,0.161,0.000,0.000,0.000,0.000,0.000,0.000,0.000,21.000,2.000,2024.000,15.000,37.000,37.000
150.000,104.703,1004.683,14.020,1.219,244.260,20.021,225596.271,0.000,0.000,0.000,0.000,3.000,2.995,40.707,0.000,0.009,0.033,14.892,0.000,0.865,-0.000,2.467,0.000,0.038,14.570,17.863,0.161,0.000,0.000,0.000,0.000,0.000,0.000,0.000,21.000,2.000,2024.000,15.000,37.000,37.000
150.000,104.703,1004.683,14.020,1.219,244.260,20.021,225596.271,0.000,0.000,0.000,0.000,3.000,2.995,40.706,0.000,0.009,0.033,14.900,0.000,0.861,-0.000,-1.212,0.000,0.027,14.567,16.867,0.161,0.000,0.000,0.000,0.000,0.000,0.000,0.000,21.000,2.000,2024.000,15.000,37.000,38.000
150.000,104.719,1004.681,14.020,1.219,244.298,20.022,225613.282,0.000,0.000,0.000,0.000,3.000,2.995,40.708,0.000,0.007,0.027,14.900,0.000,0.865,-0.000,2.461,0.000,0.033,14.567,24.373,0.161,0.000,0.000,0.000,0.000,0.000,0.000,0.000,21.000,2.000,2024.000,15.000,37.000,38.000
150.000,104.719,1004.681,14.020,1.219,244.298,20.022,225613.282,0.000,0.000,0.000,0.000,3.000,2.995,40.705,0.000,0.009,0.027,14.896,0.000,0.861,-0.000,-1.693,0.000,0.033,14.575,19.083,0.161,0.000,0.000,0.000,0.000,0.000,0.000,0.000,21.000,2.000,2024.000,15.000,37.000,38.000
150.000,104.731,1004.683,14.020,1.219,244.326,20.023,225626.432,0.000,0.000,0.000,0.000,3.000,2.995,40.702,0.000,0.008,0.033,14.895,0.000,0.861,-0.000,-1.034,0.000,0.033,14.576,18.326,0.161,0.000,0.000,0.000,0.000,0.000,0.000,0.000,21.000,2.000,2024.000,15.000,37.000,38.000
150.000,104.731,1004.683,14.020,1.219,244.326,20.023,225626.432,0.000,0.000,0.000,0.000,3.000,2.995,40.696,0.000,0.008,0.033,14.894,0.000,0.861,-0.000,-3.020,0.000,0.033,14.562,22.226,0.161,0.000,0.000,0.000,0.000,0.000,0.000,0.000,21.000,2.000,2024.000,15.000,37.000,38.000
150.000,104.732,1004.683,14.020,1.219,244.328,20.023,225627.510,0.000,0.000,0.000,0.000,3.000,2.995,40.693,0.000,0.007,0.027,14.894,0.000,0.861,-0.000,-1.392,0.000,0.038,14.559,18.076,0.161,0.000,0.000,0.000,0.000,0.000,0.000,0.000,21.000,2.000,2024.000,15.000,37.000,38.000
150.000,104.732,1004.683,14.020,1.219,244.328,20.023,225627.510,0.000,0.000,0.000,0.000,3.000,2.995,40.692,0.000,0.007,0.027,14.902,0.000,0.861,-0.000,-3.802,0.000,0.038,14.564,19.616,0.161,0.000,0.000,0.000,0.000,0.000,0.000,0.000,21.000,2.000,2024.000,15.000,37.000,38.000
150.000,104.732,1004.683,14.020,1.219,244.328,20.023,225627.510,0.000,0.000,0.000,0.000,3.000,2.995,40.694,0.000,0.006,0.033,14.906,0.000,0.861,-0.000,-1.943,0.000,0.038,14.566,18.317,0.161,0.000,0.000,0.000,0.000,0.000,0.000,0.000,21.000,2.000,2024.000,15.000,37.000,38.000
150.000,104.732,1004.685,14.020,1.219,244.328,20.023,225627.734,0.000,0.000,0.000,0.000,3.000,2.995,40.699,0.000,0.007,0.033,14.894,0.000,0.861,-0.000,-2.238,0.000,0.027,14.570,16.016,0.161,0.000,0.000,0.000,0.000,0.000,0.000,0.000,21.000,2.000,2024.000,15.000,37.000,38.000
150.000,104.732,1004.685,14.020,1.219,244.328,20.023,225627.734,0.000,0.000,0.000,0.000,3.000,2.995,40.701,0.000,0.010,0.038,14.886,0.000,0.861,-0.000,-5.027,0.000,0.033,14.573,20.721,0.161,0.000,0.000,0.000,0.000,0.000,0.000,0.000,21.000,2.000,2024.000,15.000,37.000,38.000
150.000,104.735,1004.689,14.020,1.219,244.335,20.024,225631.415,0.000,0.000,0.000,0.000,3.000,2.995,40.694,0.000,0.005,0.027,14.896,0.000,0.861,-0.000,1.826,0.000,0.033,14.574,20.795,0.161,0.000,0.000,0.000,0.000,0.000,0.000,0.000,21.000,2.000,2024.000,15.000,37.000,39.000
150.000,104.735,1004.689,14.020,1.219,244.335,20.024,225631.415,0.000,0.000,0.000,0.000,3.000,2.995,40.700,0.000,0.007,0.033,14.906,0.000,0.861,-0.000,2.438,0.000,0.033,14.575,17.113,0.158,0.000,0.000,0.000,0.000,0.000,0.000,0.000,21.000,2.000,2024.000,15.000,37.000,39.000
150.000,104.723,1004.705,14.020,1.219,244.307,20.022,225620.285,0.000,0.000,0.000,0.000,3.000,2.995,40.708,0.000,0.008,0.027,14.907,0.000,0.861,-0.000,2.778,0.000,0.033,14.581,17.169,0.161,0.000,0.000,0.000,0.000,0.000,0.000,0.000,21.000,2.000,2024.000,15.000,37.000,39.000
150.000,104.723,1004.705,14.020,1.219,244.307,20.022,225620.285,0.000,0.000,0.000,0.000,3.000,2.995,40.707,0.000,0.006,0.033,14.909,0.000,0.861,-0.000,3.013,0.000,0.033,14.589,20.110,0.161,0.000,0.000,0.000,0.000,0.000,0.000,0.000,21.000,2.000,2024.000,15.000,37.000,39.000
150.000,104.699,1004.730,14.020,1.219,244.251,20.020,225597.238,0.000,0.000,0.000,0.000,3.000,2.995,40.702,0.000,0.006,0.033,14.906,0.000,0.861,-0.000,-1.120,0.000,0.033,14.584,16.696,0.161,0.000,0.000,0.000,0.000,0.000,0.000,0.000,21.000,2.000,2024.000,15.000,37.000,39.000
150.000,104.699,1004.730,14.020,1.219,244.251,20.020,225597.238,0.000,0.000,0.000,0.000,3.000,2.995,40.697,0.000,0.005,0.033,14.901,0.000,0.861,-0.000,2.748,0.000,0.033,14.574,21.767,0.161,0.000,0.000,0.000,0.000,0.000,0.000,0.000,21.000,2.000,2024.000,15.000,37.000,39.000
150.000,104.689,1004.731,14.020,1.219,244.228,20.019,225586.577,0.000,0.000,0.000,0.000,3.000,2.995,40.691,0.000,0.006,0.033,14.901,0.000,0.861,-0.000,1.368,0.000,0.038,14.576,18.491,0.161,0.000,0.000,0.000,0.000,0.000,0.000,0.000,21.000,2.000,2024.000,15.000,37.000,39.000
150.000,104.689,1004.731,14.020,1.219,244.228,20.019,225586.577,0.000,0.000,0.000,0.000,3.000,2.995,40.679,0.000,0.008,0.027,14.899,0.000,0.861,-0.000,0.166,0.000,0.038,14.586,17.859,0.161,0.000,0.000,0.000,0.000,0.000,0.000,0.000,21.000,2.000,2024.000,15.000,37.000,39.000
150.000,104.691,1004.733,14.020,1.219,244.232,20.019,225588.956,0.000,0.000,0.000,0.000,3.000,2.995,40.683,0.000,0.007,0.033,14.898,0.000,0.861,-0.000,-1.960,0.000,0.033,14.587,24.520,0.161,0.000,0.000,0.000,0.000,0.000,0.000,0.000,21.000,2.000,2024.000,15.000,37.000,39.000
150.000,104.691,1004.733,14.020,1.219,244.232,20.019,225588.956,0.000,0.000,0.000,0.000,3.000,2.995,40.685,0.000,0.008,0.033,14.890,0.000,0.861,-0.000,0.910,0.000,0.038,14.593,18.563,0.161,0.000,0.000,0.000,0.000,0.000,0.000,0.000,21.000,2.000,2024.000,15.000,37.000,39.000
150.000,104.691,1004.733,14.020,1.219,244.232,20.019,225588.956,0.000,0.000,0.000,0.000,3.000,2.995,40.679,0.000,0.009,0.033,14.890,0.000,0.861,-0.000,-2.860,0.000,0.033,14.593,17.794,0.161,0.000,0.000,0.000,0.000,0.000,0.000,0.000,21.000,2.000,2024.000,15.000,37.000,40.000
150.000,104.666,1004.744,14.020,1.219,244.174,20.016,225563.255,0.000,0.000,0.000,0.000,3.000,2.995,40.676,0.000,0.008,0.033,14.892,0.000,0.861,-0.000,-0.657,0.000,0.033,14.559,22.139,0.161,0.000,0.000,0.000,0.000,0.000,0.000,0.000,21.000,2.000,2024.000,15.000,37.000,40.000
150.000,104.666,1004.744,14.020,1.219,244.174,20.016,225563.255,0.000,0.000,0.000,0.000,3.000,2.995,40.672,0.000,0.008,0.033,14.892,0.000,0.861,-0.000,-0.291,0.000,0.033,14.559,15.129,0.158,0.000,0.000,0.000,0.000,0.000,0.000,0.000,21.000,2.000,2024.000,15.000,37.000,40.000
150.000,104.659,1004.755,14.020,1.219,244.158,20.016,225556.947,0.000,0.000,0.000,0.000,3.000,2.995,40.673,0.000,0.007,0.033,14.915,0.000,0.861,-0.000,-1.563,0.000,0.038,14.568,18.289,0.161,0.000,0.000,0.000,0.000,0.000,0.000,0.000,21.000,2.000,2024.000,15.000,37.000,40.000
150.000,104.659,1004.755,14.020,1.219,244.158,20.016,225556.947,0.000,0.000,0.000,0.000,3.000,2.995,40.673,0.000,0.009,0.027,14.917,0.000,0.861,-0.000,-0.026,0.000,0.033,14.569,21.082,0.161,0.000,0.000,0.000,0.000,0.000,0.000,0.000,21.000,2.000,2024.000,15.000,37.000,40.000
150.000,104.650,1004.761,14.020,1.219,244.137,20.015,225547.922,0.000,0.000,0.000,0.000,3.000,2.995,40.660,0.000,0.007,0.033,14.913,0.000,0.861,-0.000,1.652,0.000,0.038,14.570,18.669,0.161,0.000,0.000,0.000,0.000,0.000,0.000,0.000,21.000,2.000,2024.000,15.000,37.000,40.000
150.000,104.650,1004.761,14.020,1.219,244.137,20.015,225547.922,0.000,0.000,0.000,0.000,3.000,2.995,40.657,0.000,0.007,0.033,14.911,0.000,0.861,-0.000,1.778,0.000,0.033,14.571,16.582,0.161,0.000,0.000,0.000,0.000,0.000,0.000,0.000,21.000,2.000,2024.000,15.000,37.000,40.000
150.000,104.632,1004.767,14.020,1.219,244.095,20.013,225529.198,0.000,0.000,0.000,0.000,3.000,2.995,40.657,0.000,0.008,0.038,14.899,0.000,0.861,-0.000,2.275,0.000,0.033,14.569,20.255,0.161,0.000,0.000,0.000,0.000,0.000,0.000,0.000,21.000,2.000,2024.000,15.000,37.000,40.000
150.000,104.632,1004.767,14.020,1.219,244.095,20.013,225529.198,0.000,0.000,0.000,0.000,3.000,2.995,40.658,0.000,0.007,0.033,14.894,0.000,0.861,-0.000,2.187,0.000,0.033,14.569,19.875,0.158,0.000,0.000,0.000,0.000,0.000,0.000,0.000,21.000,2.000,2024.000,15.000,37.000,40.000
150.000,104.632,1004.767,14.020,1.219,244.095,20.013,225529.198,0.000,0.000,0.000,0.000,3.000,2.995,40.658,0.000,0.009,0.033,14.899,0.000,0.861,-0.000,1.351,0.000,0.038,14.575,16.204,0.161,0.000,0.000,0.000,0.000,0.000,0.000,0.000,21.000,2.000,2024.000,15.000,37.000,40.000
150.000,104.619,1004.767,14.020,1.219,244.064,20.012,225515.188,0.000,0.000,0.000,0.000,3.000,2.995,40.659,0.000,0.010,0.033,14.903,0.000,0.858,-0.000,-0.507,0.000,0.038,14.579,22.854,0.161,0.000,0.000,0.000,0.000,0.000,0.000,0.000,21.000,2.000,2024.000,15.000,37.000,41.000
150.000,104.619,1004.767,14.020,1.219,244.064,20.012,225515.188,0.000,0.000,0.000,0.000,3.000,2.995,40.664,0.000,0.008,0.033,14.898,0.000,0.861,-0.000,0.565,0.000,0.038,14.577,19.124,0.161,0.000,0.000,0.000,0.000,0.000,0.000,0.000,21.000,2.000,2024.000,15.000,37.000,41.000
150.000,104.612,1004.767,14.020,1.219,244.048,20.011,225507.644,0.000,0.000,0.000,0.000,3.000,2.995,40.661,0.000,0.008,0.027,14.894,0.000,0.861,-0.000,1.712,0.000,0.033,14.576,18.989,0.161,0.000,0.000,0.000,0.000,0.000,0.000,0.000,21.000,2.000,2024.000,15.000,37.000,41.000
150.000,104.612,1004.767,14.020,1.219,244.048,20.011,225507.644,0.000,0.000,0.000,0.000,3.000,2.995,40.661,0.000,0.007,0.033,14.900,0.000,0.861,-0.000,-0.512,0.000,0.038,14.571,23.640,0.158,0.000,0.000,0.000,0.000,0.000,0.000,0.000,21.000,2.000,2024.000,15.000,37.000,41.000
150.000,104.613,1004.766,14.020,1.219,244.050,20.011,225508.609,0.000,0.000,0.000,0.000,3.000,2.995,40.666,0.000,0.006,0.033,14.909,0.000,0.858,-0.000,-1.088,0.000,0.033,14.564,18.075,0.161,0.000,0.000,0.000,0.000,0.000,0.000,0.000,21.000,2.000,2024.000,15.000,37.000,41.000
150.000,104.613,1004.766,14.020,1.219,244.050,20.011,225508.609,0.000,0.000,0.000,0.000,3.000,2.995,40.668,0.000,0.007,0.033,14.901,0.000,0.861,-0.000,-0.757,0.000,0.033,14.563,19.627,0.161,0.000,0.000,0.000,0.000,0.000,0.000,0.000,21.000,2.000,2024.000,15.000,37.000,41.000
150.000,104.611,1004.764,14.020,1.219,244.046,20.011,225506.229,0.000,0.000,0.000,0.000,3.000,2.995,40.667,0.000,0.009,0.027,14.882,0.000,0.858,-0.000,-3.194,0.000,0.038,14.559,23.265,0.161,0.000,0.000,0.000,0.000,0.000,0.000,0.000,21.000,2.000,2024.000,15.000,37.000,41.000
