  Run_nr	   Alpha	    Beta	      CL	      CD	    Cyaw	 Cm_p_qc	      Ct	      Cn	   Cside	 Cm_roll	Cm_pitch	  Cm_yaw	       V	      Re	       M
       /	 degrees	 degrees	       /	       /	       /	       /	       /	       /	       /	       /	       /	       /	     m/s	       /	       /
     130	   9.995	  10.000	  1.2584	0.103052	 0.11323	 0.12076	-0.137848	  1.2535	0.129407	 0.03129	-0.19387	-0.01836	   20.04	1.742E+5	   0.059	        	        	        	        	        	        	        	        	        	        	        	        	        	        	        	        	        
     131	   9.995	   7.000	  1.2245	0.093965	 0.05796	 0.12185	-0.127652	  1.2209	0.068977	 0.02217	-0.18463	-0.00789	   20.19	1.755E+5	   0.059	        	        	        	        	        	        	        	        	        	        	        	        	        	        	        	        	        
     132	   9.995	   3.000	  1.1994	0.077934	 0.05506	 0.16776	-0.134367	  1.1942	0.059068	 0.01001	-0.13250	-0.01133	   20.13	1.750E+5	   0.059	        	        	        	        	        	        	        	        	        	        	        	        	        	        	        	        	        
     133	   9.995	   0.005	  1.1417	0.074608	 0.00337	 0.16830	-0.124684	  1.1373	0.003379	 0.00271	-0.11774	 0.00417	   20.09	1.746E+5	   0.059	        	        	        	        	        	        	        	        	        	        	        	        	        	        	        	        	        
     134	   9.995	  -4.000	  1.2031	0.087371	-0.03874	 0.15691	-0.125646	  1.1995	-0.044745	-0.00676	-0.14456	 0.01452	   20.12	1.749E+5	   0.059	        	        	        	        	        	        	        	        	        	        	        	        	        	        	        	        	        
     135	   6.005	  -4.000	  0.9403	0.042450	-0.05015	 0.11214	-0.059726	  0.9392	-0.052993	-0.00630	-0.12380	 0.01838	   20.15	1.753E+5	   0.059	        	        	        	        	        	        	        	        	        	        	        	        	        	        	        	        	        
     136	   6.005	  -0.005	  0.9275	0.035129	 0.00739	 0.12021	-0.062085	  0.9261	0.007386	 0.00196	-0.11254	 0.00315	   20.15	1.752E+5	   0.059	        	        	        	        	        	        	        	        	        	        	        	        	        	        	        	        	        
     137	   6.005	   3.000	  0.9335	0.037334	 0.06392	 0.10801	-0.063898	  0.9319	0.065786	 0.00912	-0.12607	-0.01446	   20.15	1.752E+5	   0.059	        	        	        	        	        	        	        	        	        	        	        	        	        	        	        	        	        
     138	   6.005	   7.000	  0.9551	0.052649	 0.07161	 0.06590	-0.056624	  0.9545	0.077488	 0.02158	-0.17339	-0.01119	   20.14	1.751E+5	   0.059	        	        	        	        	        	        	        	        	        	        	        	        	        	        	        	        	        
     139	   6.005	  10.000	  0.9613	0.063819	 0.12854	 0.04787	-0.060256	  0.9603	0.137670	 0.03021	-0.19269	-0.02237	   20.15	1.753E+5	   0.059	        	        	        	        	        	        	        	        	        	        	        	        	        	        	        	        	        
     140	   3.000	  10.000	  0.6731	0.051344	 0.13429	-0.04268	-0.008020	  0.6736	0.141166	 0.03040	-0.21063	-0.02598	   20.16	1.753E+5	   0.059	        	        	        	        	        	        	        	        	        	        	        	        	        	        	        	        	        
     141	   3.000	   7.000	  0.6584	0.039391	 0.06866	-0.00382	-0.003770	  0.6591	0.072944	 0.01998	-0.16855	-0.01135	   20.17	1.754E+5	   0.059	        	        	        	        	        	        	        	        	        	        	        	        	        	        	        	        	        
     142	   3.000	   3.000	  0.6367	0.022245	 0.05930	 0.03419	-0.014239	  0.6368	0.060387	 0.00782	-0.12536	-0.01400	   20.16	1.753E+5	   0.059	        	        	        	        	        	        	        	        	        	        	        	        	        	        	        	        	        
     143	   3.000	   0.005	  0.5747	0.019447	 0.00834	 0.04797	-0.010661	  0.5750	0.008342	 0.00155	-0.09627	 0.00335	   20.10	1.749E+5	   0.059	        	        	        	        	        	        	        	        	        	        	        	        	        	        	        	        	        
     144	   3.000	  -4.000	  0.6365	0.028006	-0.05499	 0.04528	-0.009245	  0.6369	-0.056809	-0.00611	-0.11442	 0.02024	   20.14	1.752E+5	   0.059	        	        	        	        	        	        	        	        	        	        	        	        	        	        	        	        	        
     145	   0.000	  -4.000	  0.3325	0.020361	-0.06691	-0.00220	0.015643	  0.3325	-0.068167	-0.00774	-0.08530	 0.02488	   20.08	1.747E+5	   0.059	        	        	        	        	        	        	        	        	        	        	        	        	        	        	        	        	        
     146	   0.000	  -0.005	  0.3227	0.012742	 0.00914	 0.00694	0.012742	  0.3227	0.009144	 0.00082	-0.07381	 0.00460	   20.09	1.748E+5	   0.059	        	        	        	        	        	        	        	        	        	        	        	        	        	        	        	        	        
     147	   0.000	   3.000	  0.3295	0.013952	 0.06229	-0.00196	0.010672	  0.3295	0.062936	 0.00735	-0.08431	-0.01556	   20.12	1.750E+5	   0.059	        	        	        	        	        	        	        	        	        	        	        	        	        	        	        	        	        
     148	   0.000	   7.000	  0.3558	0.027892	 0.12301	-0.02493	0.012693	  0.3558	0.125489	 0.01573	-0.11364	-0.02952	   20.06	1.745E+5	   0.059	        	        	        	        	        	        	        	        	        	        	        	        	        	        	        	        	        
     149	   0.000	  10.000	  0.3698	0.045205	 0.14375	-0.07507	0.019556	  0.3698	0.149416	 0.03008	-0.16674	-0.03066	   20.07	1.746E+5	   0.059	        	        	        	        	        	        	        	        	        	        	        	        	        	        	        	        	        
     150	  -3.000	  10.000	  0.0529	0.048212	 0.15145	-0.03212	0.023918	  0.0517	0.157519	 0.02935	-0.04471	-0.03397	   20.10	1.749E+5	   0.059	        	        	        	        	        	        	        	        	        	        	        	        	        	        	        	        	        
     151	  -3.000	   7.000	  0.0365	0.034800	 0.08356	-0.01172	0.026234	  0.0352	0.087181	 0.02049	-0.02039	-0.01851	   20.12	1.750E+5	   0.059	        	        	        	        	        	        	        	        	        	        	        	        	        	        	        	        	        
     152	  -3.000	   3.000	  0.0135	0.015759	 0.06659	 0.01878	0.012944	  0.0129	0.067320	 0.00663	 0.01537	-0.01703	   20.20	1.757E+5	   0.059	        	        	        	        	        	        	        	        	        	        	        	        	        	        	        	        	        
     153	  -3.000	   0.005	 -0.0482	0.013654	 0.00637	 0.02773	0.011112	 -0.0488	0.006372	-0.00003	 0.03965	 0.00534	   20.10	1.748E+5	   0.059	        	        	        	        	        	        	        	        	        	        	        	        	        	        	        	        	        
     154	  -3.000	  -4.000	  0.0158	0.021586	-0.07602	 0.02864	0.017035	  0.0149	-0.077340	-0.00914	 0.02462	 0.02772	   20.10	1.749E+5	   0.059	        	        	        	        	        	        	        	        	        	        	        	        	        	        	        	        	        
