  Run_nr	   Alpha	    Beta	      CL	      CD	    Cyaw	 Cm_p_qc	      Ct	      Cn	   Cside	 Cm_roll	Cm_pitch	  Cm_yaw	       V	      Re	       M
       /	 degrees	 degrees	       /	       /	       /	       /	       /	       /	       /	       /	       /	       /	     m/s	       /	       /
      54	  10.000	  10.000	  1.2164	0.091922	 0.13956	-0.13431	-0.145940	  1.2094	0.153398	 0.03188	-0.43527	-0.02217	   40.18	3.490E+5	   0.118	        	        	        	        	        	        	        	        	        	        	        	        	        	        	        	        	        
      55	  10.000	   7.000	  1.1791	0.075086	 0.13796	-0.10352	-0.147917	  1.1712	0.146082	 0.01952	-0.39525	-0.02897	   40.27	3.496E+5	   0.118	        	        	        	        	        	        	        	        	        	        	        	        	        	        	        	        	        
      56	  10.000	   3.000	  1.1168	0.069697	 0.05128	-0.11244	-0.128025	  1.1114	0.054861	 0.01032	-0.38912	-0.00900	   40.26	3.494E+5	   0.118	        	        	        	        	        	        	        	        	        	        	        	        	        	        	        	        	        
      57	  10.000	   0.005	  1.0978	0.068116	-0.00174	-0.10724	-0.123552	  1.0930	-0.001736	 0.00291	-0.37936	 0.00516	   40.21	3.489E+5	   0.118	        	        	        	        	        	        	        	        	        	        	        	        	        	        	        	        	        
      58	  10.000	  -4.000	  1.1284	0.073523	-0.07451	-0.11337	-0.128837	  1.1231	-0.079458	-0.00733	-0.39297	 0.02526	   40.19	3.487E+5	   0.118	        	        	        	        	        	        	        	        	        	        	        	        	        	        	        	        	        
      59	   6.005	  -4.000	  0.8666	0.028673	-0.08185	-0.02244	-0.067882	  0.8642	-0.083649	-0.00726	-0.23826	 0.02813	   40.24	3.490E+5	   0.118	        	        	        	        	        	        	        	        	        	        	        	        	        	        	        	        	        
      60	   6.005	  -0.005	  0.8554	0.022779	 0.00445	-0.00297	-0.066825	  0.8531	0.004453	 0.00280	-0.21621	 0.00465	   40.21	3.487E+5	   0.118	        	        	        	        	        	        	        	        	        	        	        	        	        	        	        	        	        
      61	   6.005	   3.000	  0.8605	0.025202	 0.06199	-0.01336	-0.068206	  0.8580	0.063226	 0.00993	-0.22773	-0.01200	   40.18	3.485E+5	   0.118	        	        	        	        	        	        	        	        	        	        	        	        	        	        	        	        	        
      62	   6.005	   7.000	  0.8736	0.032259	 0.15006	-0.02398	-0.077725	  0.8702	0.152873	 0.01781	-0.24128	-0.03324	   40.17	3.483E+5	   0.118	        	        	        	        	        	        	        	        	        	        	        	        	        	        	        	        	        
      63	   6.005	  10.000	  0.8899	0.043269	 0.21092	-0.04234	-0.087135	  0.8856	0.215228	 0.02762	-0.26331	-0.04412	   40.19	3.484E+5	   0.118	        	        	        	        	        	        	        	        	        	        	        	        	        	        	        	        	        
      64	   3.000	  10.000	  0.6054	0.029821	 0.21871	-0.06413	-0.040283	  0.6041	0.220568	 0.02708	-0.21449	-0.04885	   40.30	3.493E+5	   0.118	        	        	        	        	        	        	        	        	        	        	        	        	        	        	        	        	        
      65	   3.000	   7.000	  0.5872	0.017941	 0.15406	-0.02607	-0.031699	  0.5864	0.155098	 0.01615	-0.17239	-0.03563	   40.23	3.486E+5	   0.118	        	        	        	        	        	        	        	        	        	        	        	        	        	        	        	        	        
      66	   3.000	   3.000	  0.5659	0.010601	 0.06132	-0.00682	-0.022250	  0.5655	0.061794	 0.00917	-0.14813	-0.01275	   40.25	3.487E+5	   0.118	        	        	        	        	        	        	        	        	        	        	        	        	        	        	        	        	        
      67	   3.000	   0.005	  0.5463	0.008601	-0.00106	 0.00609	-0.020000	  0.5460	-0.001061	 0.00211	-0.13047	 0.00465	   40.29	3.490E+5	   0.118	        	        	        	        	        	        	        	        	        	        	        	        	        	        	        	        	        
      68	   3.000	  -4.000	  0.5694	0.013693	-0.08192	-0.00708	-0.021866	  0.5690	-0.082673	-0.00716	-0.14927	 0.02900	   40.20	3.483E+5	   0.118	        	        	        	        	        	        	        	        	        	        	        	        	        	        	        	        	        
      69	   0.000	  -4.000	  0.2613	0.007196	-0.09240	-0.01670	0.000732	  0.2613	-0.092677	-0.00886	-0.08185	 0.03344	   40.29	3.490E+5	   0.118	        	        	        	        	        	        	        	        	        	        	        	        	        	        	        	        	        
      70	   0.000	  -0.005	  0.2525	0.001142	 0.00099	 0.00067	0.001142	  0.2525	0.000993	 0.00152	-0.06246	 0.00585	   40.28	3.487E+5	   0.118	        	        	        	        	        	        	        	        	        	        	        	        	        	        	        	        	        
      71	   0.000	   3.000	  0.2548	0.003845	 0.06324	-0.00440	0.000530	  0.2548	0.063353	 0.00892	-0.06806	-0.01421	   40.25	3.483E+5	   0.118	        	        	        	        	        	        	        	        	        	        	        	        	        	        	        	        	        
      72	   0.000	   7.000	  0.2801	0.011240	 0.16822	-0.02707	-0.009345	  0.2801	0.168335	 0.01676	-0.09680	-0.04161	   40.19	3.479E+5	   0.118	        	        	        	        	        	        	        	        	        	        	        	        	        	        	        	        	        
      73	   0.000	  10.000	  0.2953	0.022920	 0.22852	-0.05411	-0.017110	  0.2953	0.229024	 0.02673	-0.12738	-0.05363	   40.10	3.470E+5	   0.118	        	        	        	        	        	        	        	        	        	        	        	        	        	        	        	        	        
      74	  -3.000	  10.000	 -0.0278	0.025121	 0.23732	-0.01765	-0.017901	 -0.0269	0.238072	 0.02622	-0.01075	-0.05730	   40.17	3.476E+5	   0.118	        	        	        	        	        	        	        	        	        	        	        	        	        	        	        	        	        
      75	  -3.000	   7.005	 -0.0475	0.012823	 0.17654	 0.00833	-0.011276	 -0.0470	0.176783	 0.01581	 0.01998	-0.04486	   40.26	3.483E+5	   0.118	        	        	        	        	        	        	        	        	        	        	        	        	        	        	        	        	        
      76	  -3.000	   3.000	 -0.0692	0.005091	 0.06425	 0.01478	-0.001900	 -0.0692	0.064431	 0.00791	 0.03191	-0.01527	   40.26	3.481E+5	   0.118	        	        	        	        	        	        	        	        	        	        	        	        	        	        	        	        	        
      77	  -3.000	   0.005	 -0.0873	0.002023	-0.00175	 0.02221	-0.002551	 -0.0873	-0.001749	 0.00034	 0.04382	 0.00690	   40.31	3.485E+5	   0.118	        	        	        	        	        	        	        	        	        	        	        	        	        	        	        	        	        
      78	  -3.000	  -4.000	 -0.0648	0.008402	-0.09871	 0.01400	-0.001895	 -0.0647	-0.099052	-0.01022	 0.03004	 0.03586	   40.23	3.478E+5	   0.118	        	        	        	        	        	        	        	        	        	        	        	        	        	        	        	        	        
      79	  -3.000	  -4.000	 -0.0696	0.037025	-0.09068	 0.04264	0.026928	 -0.0711	-0.093037	-0.01020	 0.05996	 0.02985	   40.16	3.471E+5	   0.118	        	        	        	        	        	        	        	        	        	        	        	        	        	        	        	        	        
      80	  -3.000	  -0.005	 -0.0758	0.031196	 0.00435	 0.04666	0.027188	 -0.0773	0.004342	 0.00063	 0.06551	 0.00098	   40.23	3.478E+5	   0.118	        	        	        	        	        	        	        	        	        	        	        	        	        	        	        	        	        
      81	  -3.000	   3.000	 -0.0673	0.033088	 0.07927	 0.03588	0.025330	 -0.0688	0.080891	 0.00906	 0.05270	-0.02146	   40.21	3.476E+5	   0.118	        	        	        	        	        	        	        	        	        	        	        	        	        	        	        	        	        
      82	  -3.000	   7.000	 -0.0466	0.041404	 0.17961	 0.02771	0.016738	 -0.0476	0.183319	 0.01629	 0.03932	-0.05042	   40.14	3.470E+5	   0.118	        	        	        	        	        	        	        	        	        	        	        	        	        	        	        	        	        
      83	  -3.000	  10.000	 -0.0272	0.052997	 0.23668	 0.00094	0.009652	 -0.0278	0.242290	 0.02636	 0.00787	-0.06242	   40.16	3.471E+5	   0.118	        	        	        	        	        	        	        	        	        	        	        	        	        	        	        	        	        
      84	  -0.005	  10.000	  0.2901	0.051314	 0.22729	-0.03272	0.011090	  0.2901	0.232747	 0.02668	-0.10489	-0.05867	   40.16	3.471E+5	   0.118	        	        	        	        	        	        	        	        	        	        	        	        	        	        	        	        	        
      85	  -0.005	   7.000	  0.2730	0.040242	 0.16942	-0.00427	0.019317	  0.2730	0.173064	 0.01657	-0.07249	-0.04702	   40.23	3.477E+5	   0.118	        	        	        	        	        	        	        	        	        	        	        	        	        	        	        	        	        
      86	  -0.005	   3.000	  0.2464	0.033259	 0.06737	 0.01899	0.029706	  0.2464	0.069023	 0.00876	-0.04281	-0.01973	   40.27	3.480E+5	   0.118	        	        	        	        	        	        	        	        	        	        	        	        	        	        	        	        	        
      87	  -0.005	   0.005	  0.2294	0.030490	 0.00655	 0.02714	0.030508	  0.2294	0.006549	 0.00144	-0.03048	 0.00014	   40.30	3.483E+5	   0.118	        	        	        	        	        	        	        	        	        	        	        	        	        	        	        	        	        
      88	  -0.005	  -4.000	  0.2502	0.036308	-0.08508	 0.01677	0.030305	  0.2502	-0.087410	-0.00942	-0.04594	 0.02781	   40.22	3.476E+5	   0.118	        	        	        	        	        	        	        	        	        	        	        	        	        	        	        	        	        
      89	   3.000	  -4.000	  0.5570	0.042894	-0.07657	 0.02937	0.008247	  0.5582	-0.079376	-0.00801	-0.11048	 0.02385	   40.13	3.468E+5	   0.118	        	        	        	        	        	        	        	        	        	        	        	        	        	        	        	        	        
      90	   3.000	  -0.005	  0.5514	0.037637	 0.00837	 0.03634	0.008731	  0.5526	0.008369	 0.00191	-0.10219	-0.00041	   40.21	3.475E+5	   0.118	        	        	        	        	        	        	        	        	        	        	        	        	        	        	        	        	        
      91	   3.000	   3.000	  0.5562	0.039828	 0.06682	 0.02311	0.007117	  0.5573	0.068808	 0.00917	-0.11647	-0.01753	   40.17	3.472E+5	   0.118	        	        	        	        	        	        	        	        	        	        	        	        	        	        	        	        	        
      92	   3.000	   7.000	  0.5799	0.047063	 0.15610	-0.00325	-0.002700	  0.5806	0.160670	 0.01626	-0.14836	-0.04121	   40.25	3.480E+5	   0.118	        	        	        	        	        	        	        	        	        	        	        	        	        	        	        	        	        
      93	   3.000	  10.000	  0.5992	0.057418	 0.21807	-0.04103	-0.012708	  0.5994	0.224726	 0.02705	-0.19044	-0.05401	   40.16	3.472E+5	   0.118	        	        	        	        	        	        	        	        	        	        	        	        	        	        	        	        	        
      94	   6.000	  10.000	  0.8799	0.070521	 0.20773	-0.01464	-0.058782	  0.8786	0.216823	 0.02685	-0.23414	-0.04836	   40.13	3.469E+5	   0.118	        	        	        	        	        	        	        	        	        	        	        	        	        	        	        	        	        
      95	   6.000	   7.005	  0.8620	0.060826	 0.14813	 0.00503	-0.048028	  0.8617	0.154439	 0.01682	-0.21045	-0.03753	   40.20	3.476E+5	   0.118	        	        	        	        	        	        	        	        	        	        	        	        	        	        	        	        	        
      96	   6.000	   2.995	  0.8233	0.054346	 0.06529	 0.01789	-0.035481	  0.8242	0.068037	 0.00927	-0.18834	-0.01681	   40.22	3.478E+5	   0.118	        	        	        	        	        	        	        	        	        	        	        	        	        	        	        	        	        
      97	   6.000	   0.005	  0.8276	0.052400	 0.00688	 0.03195	-0.034394	  0.8285	0.006882	 0.00177	-0.17552	-0.00015	   40.28	3.483E+5	   0.118	        	        	        	        	        	        	        	        	        	        	        	        	        	        	        	        	        
      98	   6.000	  -4.000	  0.8480	0.057881	-0.07654	 0.02405	-0.036529	  0.8489	-0.080390	-0.00842	-0.18842	 0.02295	   40.23	3.478E+5	   0.118	        	        	        	        	        	        	        	        	        	        	        	        	        	        	        	        	        
      99	  10.000	  -4.000	  1.1068	0.100004	-0.07167	-0.06087	-0.098870	  1.1064	-0.078467	-0.00929	-0.33684	 0.02108	   40.18	3.475E+5	   0.118	        	        	        	        	        	        	        	        	        	        	        	        	        	        	        	        	        
     100	  10.000	  -0.005	  1.0926	0.094640	 0.00366	-0.06125	-0.096529	  1.0925	0.003647	 0.00167	-0.33373	 0.00089	   40.27	3.482E+5	   0.118	        	        	        	        	        	        	        	        	        	        	        	        	        	        	        	        	        
     101	  10.000	   3.000	  1.1008	0.097130	 0.05606	-0.07058	-0.098510	  1.1004	0.061064	 0.00939	-0.34494	-0.01338	   40.24	3.479E+5	   0.118	        	        	        	        	        	        	        	        	        	        	        	        	        	        	        	        	        
     102	  10.000	   7.000	  1.1339	0.105452	 0.13170	-0.08185	-0.109623	  1.1320	0.143568	 0.01835	-0.36401	-0.03267	   40.17	3.473E+5	   0.118	        	        	        	        	        	        	        	        	        	        	        	        	        	        	        	        	        
     103	  10.000	  10.000	  1.2047	0.109085	 0.19311	-0.06082	-0.136413	  1.1992	0.209114	 0.02855	-0.35998	-0.04246	   40.17	3.473E+5	   0.118	        	        	        	        	        	        	        	        	        	        	        	        	        	        	        	        	        
