  Run_nr	   Alpha	    Beta	      CL	      CD	    Cyaw	 Cm_p_qc	      Ct	      Cn	   Cside	 Cm_roll	Cm_pitch	  Cm_yaw	       V	      Re	       M
       /	 degrees	 degrees	       /	       /	       /	       /	       /	       /	       /	       /	       /	       /	     m/s	       /	       /
       1	  10.000	  10.000	  1.2053	0.149247	 0.10064	 0.15456	-0.081765	  1.2095	0.125030	 0.02866	-0.14940	-0.02372	   20.13	1.763E+5	   0.059	        	        	        	        	        	        	        	        	        	        	        	        	        	        	        	        	        
       2	  10.000	   7.005	  1.2077	0.134597	 0.05175	 0.17244	-0.084365	  1.2114	0.067781	 0.01916	-0.13219	-0.01335	   20.14	1.764E+5	   0.059	        	        	        	        	        	        	        	        	        	        	        	        	        	        	        	        	        
       3	  10.000	   3.000	  1.1766	0.119159	 0.05266	 0.21859	-0.089842	  1.1789	0.058824	 0.00723	-0.07839	-0.01701	   20.08	1.759E+5	   0.059	        	        	        	        	        	        	        	        	        	        	        	        	        	        	        	        	        
       4	  10.000	   0.005	  1.1141	0.116562	 0.00201	 0.22612	-0.078672	  1.1174	0.002018	-0.00055	-0.05556	-0.00118	   20.11	1.762E+5	   0.059	        	        	        	        	        	        	        	        	        	        	        	        	        	        	        	        	        
       5	  10.000	  -4.000	  1.1518	0.132436	-0.03581	 0.21768	-0.072358	  1.1568	-0.044957	-0.01160	-0.07375	 0.00849	   20.18	1.767E+5	   0.059	        	        	        	        	        	        	        	        	        	        	        	        	        	        	        	        	        
       6	   6.005	  -4.000	  0.9215	0.081539	-0.04708	 0.16683	-0.018767	  0.9246	-0.052656	-0.00850	-0.06603	 0.01290	   20.10	1.760E+5	   0.059	        	        	        	        	        	        	        	        	        	        	        	        	        	        	        	        	        
       7	   6.005	  -0.005	  0.9148	0.075169	 0.00750	 0.15733	-0.020934	  0.9176	0.007495	-0.00066	-0.07368	-0.00199	   20.14	1.764E+5	   0.059	        	        	        	        	        	        	        	        	        	        	        	        	        	        	        	        	        
       8	   6.005	   3.000	  0.9196	0.077874	 0.06263	 0.14928	-0.022119	  0.9224	0.066624	 0.00680	-0.08284	-0.02053	   20.11	1.761E+5	   0.059	        	        	        	        	        	        	        	        	        	        	        	        	        	        	        	        	        
       9	   6.005	   7.000	  0.9410	0.093220	 0.06681	 0.10851	-0.014514	  0.9446	0.077672	 0.01927	-0.12876	-0.01751	   20.12	1.762E+5	   0.059	        	        	        	        	        	        	        	        	        	        	        	        	        	        	        	        	        
      10	   6.005	  10.000	  0.9474	0.104840	 0.12123	 0.09210	-0.017362	  0.9508	0.137589	 0.02800	-0.14655	-0.02852	   20.06	1.757E+5	   0.059	        	        	        	        	        	        	        	        	        	        	        	        	        	        	        	        	        
      11	   3.000	  10.000	  0.6674	0.092334	 0.13068	-0.00575	0.033217	  0.6700	0.144730	 0.02886	-0.17320	-0.03338	   20.09	1.759E+5	   0.059	        	        	        	        	        	        	        	        	        	        	        	        	        	        	        	        	        
      12	   3.000	   7.000	  0.6526	0.079619	 0.06821	 0.03126	0.036459	  0.6555	0.077400	 0.01943	-0.13292	-0.01889	   20.14	1.764E+5	   0.059	        	        	        	        	        	        	        	        	        	        	        	        	        	        	        	        	        
      14	   3.000	   2.995	  0.5380	0.061863	 0.05818	 0.06641	0.030499	  0.5404	0.061330	 0.00621	-0.06936	-0.01938	   20.12	1.761E+5	   0.059	        	        	        	        	        	        	        	        	        	        	        	        	        	        	        	        	        
      15	   3.000	   0.005	  0.5690	0.060301	 0.00878	 0.08054	0.030437	  0.5714	0.008781	-0.00026	-0.06313	-0.00204	   20.13	1.763E+5	   0.059	        	        	        	        	        	        	        	        	        	        	        	        	        	        	        	        	        
      16	   3.000	  -4.000	  0.6253	0.067293	-0.04852	 0.09308	0.030928	  0.6278	-0.053095	-0.00788	-0.06483	 0.01369	   20.08	1.758E+5	   0.059	        	        	        	        	        	        	        	        	        	        	        	        	        	        	        	        	        
      17	   0.000	  -4.000	  0.3230	0.059702	-0.05996	 0.04810	0.055373	  0.3230	-0.063975	-0.00906	-0.03314	 0.01812	   20.12	1.762E+5	   0.059	        	        	        	        	        	        	        	        	        	        	        	        	        	        	        	        	        
      18	   0.000	  -0.005	  0.3196	0.052705	 0.01269	 0.04451	0.052705	  0.3196	0.012684	-0.00042	-0.03584	-0.00207	   20.07	1.757E+5	   0.059	        	        	        	        	        	        	        	        	        	        	        	        	        	        	        	        	        
      19	   0.000	   3.000	  0.3272	0.054389	 0.06424	 0.03149	0.050952	  0.3273	0.067000	 0.00651	-0.05065	-0.02270	   20.06	1.756E+5	   0.059	        	        	        	        	        	        	        	        	        	        	        	        	        	        	        	        	        
      20	   0.000	   7.000	  0.3531	0.068835	 0.12267	 0.01140	0.053371	  0.3531	0.130141	 0.01450	-0.07699	-0.03696	   20.08	1.758E+5	   0.059	        	        	        	        	        	        	        	        	        	        	        	        	        	        	        	        	        
      21	   0.000	  10.000	  0.3648	0.086486	 0.13890	-0.03925	0.061050	  0.3648	0.151812	 0.02867	-0.13005	-0.03758	   20.06	1.756E+5	   0.059	        	        	        	        	        	        	        	        	        	        	        	        	        	        	        	        	        
      22	  -3.000	  10.000	  0.0544	0.089294	 0.14731	-0.00442	0.065120	  0.0511	0.160582	 0.02863	-0.01715	-0.04111	   20.06	1.756E+5	   0.059	        	        	        	        	        	        	        	        	        	        	        	        	        	        	        	        	        
      23	  -3.000	   6.995	 -0.0595	0.075274	 0.08353	-0.13698	0.061340	 -0.0628	0.092076	 0.02026	-0.11988	-0.02603	   20.10	1.759E+5	   0.059	        	        	        	        	        	        	        	        	        	        	        	        	        	        	        	        	        
      24	  -3.000	   3.000	  0.0154	0.055795	 0.06989	 0.04483	0.052794	  0.0126	0.072716	 0.00646	 0.04121	-0.02463	   20.14	1.763E+5	   0.059	        	        	        	        	        	        	        	        	        	        	        	        	        	        	        	        	        
      25	  -3.000	   0.005	 -0.0484	0.053785	 0.01234	 0.05660	0.051179	 -0.0511	0.012346	-0.00051	 0.06880	-0.00210	   20.14	1.762E+5	   0.059	        	        	        	        	        	        	        	        	        	        	        	        	        	        	        	        	        
      26	  -3.000	  -4.000	  0.0120	0.058296	-0.09149	 0.06980	0.052327	  0.0092	-0.095330	-0.01102	 0.06678	 0.02771	   20.09	1.758E+5	   0.059	        	        	        	        	        	        	        	        	        	        	        	        	        	        	        	        	        
      27	  -3.000	  -4.000	 -0.0715	0.051923	-0.08683	 0.06074	0.041938	 -0.0737	-0.090242	-0.01039	 0.07855	 0.02687	   40.18	3.504E+5	   0.118	        	        	        	        	        	        	        	        	        	        	        	        	        	        	        	        	        
      28	  -3.000	  -0.005	 -0.0761	0.046083	 0.00724	 0.06024	0.042036	 -0.0784	0.007240	 0.00048	 0.07922	-0.00195	   40.25	3.507E+5	   0.118	        	        	        	        	        	        	        	        	        	        	        	        	        	        	        	        	        
      29	  -3.000	   3.000	 -0.0665	0.048465	 0.07574	 0.04772	0.040896	 -0.0687	0.078168	 0.00857	 0.06440	-0.02462	   40.23	3.504E+5	   0.118	        	        	        	        	        	        	        	        	        	        	        	        	        	        	        	        	        
      30	  -3.000	   7.005	 -0.0471	0.057705	 0.18009	 0.04185	0.032798	 -0.0489	0.185781	 0.01616	 0.05364	-0.05369	   40.01	3.484E+5	   0.118	        	        	        	        	        	        	        	        	        	        	        	        	        	        	        	        	        
      31	  -3.000	   9.995	 -0.0287	0.069716	 0.23335	 0.01803	0.026620	 -0.0301	0.241904	 0.02582	 0.02536	-0.06506	   40.17	3.496E+5	   0.118	        	        	        	        	        	        	        	        	        	        	        	        	        	        	        	        	        
      32	  -0.005	   9.995	  0.2864	0.068167	 0.22416	-0.01359	0.028251	  0.2864	0.232586	 0.02601	-0.08504	-0.06142	   40.17	3.495E+5	   0.118	        	        	        	        	        	        	        	        	        	        	        	        	        	        	        	        	        
      33	  -0.005	   7.005	  0.2710	0.056167	 0.16947	 0.01214	0.035101	  0.2710	0.175055	 0.01632	-0.05573	-0.05002	   40.26	3.502E+5	   0.118	        	        	        	        	        	        	        	        	        	        	        	        	        	        	        	        	        
      34	  -0.005	   3.000	  0.2481	0.048495	 0.06471	 0.02445	0.045062	  0.2481	0.067160	 0.00815	-0.03783	-0.02214	   40.24	3.499E+5	   0.118	        	        	        	        	        	        	        	        	        	        	        	        	        	        	        	        	        
      35	  -0.005	   0.005	  0.2272	0.045627	 0.00151	 0.03660	0.045645	  0.2272	0.001517	 0.00043	-0.02058	-0.00220	   40.20	3.494E+5	   0.118	        	        	        	        	        	        	        	        	        	        	        	        	        	        	        	        	        
      36	  -0.005	  -4.000	  0.2456	0.050694	-0.08221	 0.03669	0.044855	  0.2456	-0.085547	-0.00988	-0.02508	 0.02509	   40.17	3.491E+5	   0.118	        	        	        	        	        	        	        	        	        	        	        	        	        	        	        	        	        
      37	   3.000	  -4.000	  0.5520	0.057409	-0.07480	 0.04693	0.023092	  0.5539	-0.078623	-0.00876	-0.09205	 0.02168	   40.17	3.491E+5	   0.118	        	        	        	        	        	        	        	        	        	        	        	        	        	        	        	        	        
      38	   3.000	  -0.005	  0.5509	0.052327	 0.00503	 0.04470	0.023426	  0.5528	0.005021	 0.00063	-0.09398	-0.00136	   40.25	3.498E+5	   0.118	        	        	        	        	        	        	        	        	        	        	        	        	        	        	        	        	        
      39	   3.000	   3.000	  0.5562	0.055336	 0.05952	 0.03217	0.022964	  0.5582	0.062330	 0.00779	-0.10771	-0.01893	   40.21	3.494E+5	   0.118	        	        	        	        	        	        	        	        	        	        	        	        	        	        	        	        	        
      40	   3.000	   7.000	  0.5770	0.063148	 0.15671	 0.01006	0.013324	  0.5785	0.163240	 0.01601	-0.13466	-0.04456	   40.21	3.493E+5	   0.118	        	        	        	        	        	        	        	        	        	        	        	        	        	        	        	        	        
      41	   3.000	  10.000	  0.5939	0.074554	 0.21536	-0.02263	0.004893	  0.5950	0.225032	 0.02628	-0.17114	-0.05698	   40.18	3.489E+5	   0.118	        	        	        	        	        	        	        	        	        	        	        	        	        	        	        	        	        
      42	   6.000	  10.000	  0.8728	0.088275	 0.20429	 0.00557	-0.040053	  0.8734	0.216513	 0.02578	-0.21284	-0.05128	   40.17	3.489E+5	   0.118	        	        	        	        	        	        	        	        	        	        	        	        	        	        	        	        	        
      43	   6.000	   6.995	  0.8314	0.077329	 0.14682	-0.01411	-0.028353	  0.8330	0.155142	 0.01601	-0.22221	-0.04034	   40.24	3.495E+5	   0.118	        	        	        	        	        	        	        	        	        	        	        	        	        	        	        	        	        
      44	   6.000	   3.000	  0.8435	0.070357	 0.06168	 0.03077	-0.021506	  0.8459	0.065274	 0.00813	-0.18103	-0.01860	   40.26	3.496E+5	   0.118	        	        	        	        	        	        	        	        	        	        	        	        	        	        	        	        	        
      45	   6.000	   0.005	  0.8256	0.067422	 0.00305	 0.03922	-0.019240	  0.8281	0.003060	 0.00027	-0.16820	-0.00074	   40.24	3.494E+5	   0.118	        	        	        	        	        	        	        	        	        	        	        	        	        	        	        	        	        
      46	   6.000	  -4.000	  0.8414	0.072375	-0.07724	 0.04499	-0.021509	  0.8438	-0.082103	-0.00972	-0.16643	 0.02161	   40.19	3.489E+5	   0.118	        	        	        	        	        	        	        	        	        	        	        	        	        	        	        	        	        
      47	  10.000	  -4.000	  1.0922	0.116579	-0.07230	-0.03189	-0.080088	  1.0949	-0.080255	-0.01111	-0.30528	 0.01940	   40.17	3.487E+5	   0.118	        	        	        	        	        	        	        	        	        	        	        	        	        	        	        	        	        
      48	  10.000	  -0.005	  1.0826	0.111422	 0.00014	-0.03675	-0.078263	  1.0855	0.000135	-0.00019	-0.30774	-0.00061	   40.25	3.493E+5	   0.118	        	        	        	        	        	        	        	        	        	        	        	        	        	        	        	        	        
      49	  10.000	   3.000	  1.0922	0.114490	 0.04995	-0.05188	-0.079627	  1.0950	0.055878	 0.00779	-0.32508	-0.01558	   40.22	3.490E+5	   0.118	        	        	        	        	        	        	        	        	        	        	        	        	        	        	        	        	        
      50	  10.000	   7.000	  1.1793	0.117934	 0.13509	-0.03981	-0.105726	  1.1789	0.148453	 0.01684	-0.33412	-0.03583	   40.19	3.488E+5	   0.118	        	        	        	        	        	        	        	        	        	        	        	        	        	        	        	        	        
      51	  10.000	   7.000	  1.1282	0.123052	 0.12950	-0.06167	-0.091178	  1.1296	0.143528	 0.01691	-0.34342	-0.03538	   40.20	3.488E+5	   0.118	        	        	        	        	        	        	        	        	        	        	        	        	        	        	        	        	        
      52	  10.000	  10.000	  1.1950	0.127994	 0.18898	-0.04089	-0.115681	  1.1930	0.208332	 0.02721	-0.33871	-0.04538	   40.16	3.485E+5	   0.118	        	        	        	        	        	        	        	        	        	        	        	        	        	        	        	        	        
