  Run_nr	   Alpha	    Beta	      CL	      CD	    Cyaw	 Cm_p_qc	      Ct	      Cn	   Cside	 Cm_roll	Cm_pitch	  Cm_yaw	       V	      Re	       M
       /	 degrees	 degrees	       /	       /	       /	       /	       /	       /	       /	       /	       /	       /	     m/s	       /	       /
     104	  10.000	  10.000	  1.2632	0.125265	 0.11094	 0.15769	-0.116831	  1.2621	0.131011	 0.02926	-0.15944	-0.02260	   20.17	1.748E+5	   0.059	        	        	        	        	        	        	        	        	        	        	        	        	        	        	        	        	        
     105	  10.000	   7.000	  1.2104	0.120020	 0.05513	 0.15687	-0.099479	  1.2115	0.069345	 0.02065	-0.14761	-0.01173	   20.21	1.751E+5	   0.059	        	        	        	        	        	        	        	        	        	        	        	        	        	        	        	        	        
     106	  10.000	   3.000	  1.1822	0.104781	 0.05596	 0.20612	-0.105128	  1.1819	0.061362	 0.00868	-0.09148	-0.01574	   20.13	1.745E+5	   0.059	        	        	        	        	        	        	        	        	        	        	        	        	        	        	        	        	        
     107	  10.000	   0.005	  1.1218	0.102625	 0.00461	 0.20833	-0.093734	  1.1226	0.004617	 0.00108	-0.07446	-0.00025	   20.14	1.747E+5	   0.059	        	        	        	        	        	        	        	        	        	        	        	        	        	        	        	        	        
     108	  10.000	  -4.000	  1.1786	0.115041	-0.03674	 0.20341	-0.094165	  1.1802	-0.044680	-0.00911	-0.09372	 0.01059	   20.09	1.742E+5	   0.059	        	        	        	        	        	        	        	        	        	        	        	        	        	        	        	        	        
     109	   6.005	  -4.000	  0.9221	0.070340	-0.04667	 0.15123	-0.029912	  0.9240	-0.051467	-0.00743	-0.08133	 0.01402	   20.19	1.752E+5	   0.059	        	        	        	        	        	        	        	        	        	        	        	        	        	        	        	        	        
     110	   6.005	  -0.005	  0.9131	0.063173	 0.00883	 0.15268	-0.032686	  0.9147	0.008829	 0.00067	-0.07756	-0.00134	   20.16	1.749E+5	   0.059	        	        	        	        	        	        	        	        	        	        	        	        	        	        	        	        	        
     111	   6.005	   3.000	  0.9210	0.064706	 0.06495	 0.14370	-0.035465	  0.9224	0.068246	 0.00797	-0.08837	-0.01912	   20.07	1.741E+5	   0.059	        	        	        	        	        	        	        	        	        	        	        	        	        	        	        	        	        
     112	   6.005	   7.000	  0.9448	0.079548	 0.06950	 0.09943	-0.028739	  0.9470	0.078674	 0.02047	-0.13835	-0.01545	   20.06	1.741E+5	   0.059	        	        	        	        	        	        	        	        	        	        	        	        	        	        	        	        	        
     113	   6.005	  10.000	  0.9507	0.090244	 0.12461	 0.07696	-0.032587	  0.9525	0.138390	 0.02927	-0.16197	-0.02628	   20.10	1.745E+5	   0.059	        	        	        	        	        	        	        	        	        	        	        	        	        	        	        	        	        
     114	   3.000	  10.000	  0.6679	0.078328	 0.13316	-0.01947	0.018983	  0.6698	0.144740	 0.02998	-0.18673	-0.03098	   20.14	1.749E+5	   0.059	        	        	        	        	        	        	        	        	        	        	        	        	        	        	        	        	        
     115	   3.000	   7.000	  0.6519	0.066283	 0.06858	 0.02192	0.023233	  0.6540	0.076151	 0.01973	-0.14181	-0.01644	   20.11	1.746E+5	   0.059	        	        	        	        	        	        	        	        	        	        	        	        	        	        	        	        	        
     116	   3.000	   3.000	  0.6275	0.050248	 0.05975	 0.06542	0.014147	  0.6291	0.062302	 0.00683	-0.09252	-0.01858	   20.15	1.750E+5	   0.059	        	        	        	        	        	        	        	        	        	        	        	        	        	        	        	        	        
     117	   3.000	   0.005	  0.5664	0.048187	 0.01144	 0.07444	0.018476	  0.5681	0.011447	 0.00118	-0.06836	-0.00151	   20.10	1.746E+5	   0.059	        	        	        	        	        	        	        	        	        	        	        	        	        	        	        	        	        
     118	   3.000	  -4.000	  0.6254	0.055457	-0.04908	 0.08003	0.019097	  0.6272	-0.052827	-0.00692	-0.07759	 0.01537	   20.12	1.748E+5	   0.059	        	        	        	        	        	        	        	        	        	        	        	        	        	        	        	        	        
     119	   0.000	  -4.000	  0.3222	0.047987	-0.06017	 0.03428	0.043672	  0.3222	-0.063372	-0.00839	-0.04662	 0.01952	   20.16	1.751E+5	   0.059	        	        	        	        	        	        	        	        	        	        	        	        	        	        	        	        	        
     120	   0.000	  -0.005	  0.3162	0.040298	 0.01304	 0.03678	0.040298	  0.3162	0.013041	 0.00045	-0.04264	-0.00054	   20.02	1.739E+5	   0.059	        	        	        	        	        	        	        	        	        	        	        	        	        	        	        	        	        
     121	   0.000	   3.000	  0.3236	0.041832	 0.06438	 0.02490	0.038404	  0.3236	0.066486	 0.00709	-0.05626	-0.02084	   20.14	1.749E+5	   0.059	        	        	        	        	        	        	        	        	        	        	        	        	        	        	        	        	        
     122	   0.000	   7.000	  0.3507	0.055722	 0.12271	 0.00033	0.040350	  0.3507	0.128591	 0.01526	-0.08734	-0.03448	   20.10	1.746E+5	   0.059	        	        	        	        	        	        	        	        	        	        	        	        	        	        	        	        	        
     123	   0.000	  10.000	  0.3633	0.072845	 0.14176	-0.05284	0.047122	  0.3633	0.152252	 0.02945	-0.14313	-0.03540	   20.12	1.748E+5	   0.059	        	        	        	        	        	        	        	        	        	        	        	        	        	        	        	        	        
     124	  -3.000	  10.000	  0.0503	0.075634	 0.14956	-0.01565	0.051079	  0.0477	0.160419	 0.02922	-0.02740	-0.03882	   20.13	1.749E+5	   0.059	        	        	        	        	        	        	        	        	        	        	        	        	        	        	        	        	        
     125	  -3.000	   7.000	  0.0341	0.062384	 0.08376	 0.00592	0.053426	  0.0314	0.090740	 0.02010	-0.00198	-0.02344	   20.11	1.747E+5	   0.059	        	        	        	        	        	        	        	        	        	        	        	        	        	        	        	        	        
     126	  -3.000	   7.000	  0.0337	0.062320	 0.08375	 0.00649	0.053341	  0.0309	0.090716	 0.02033	-0.00131	-0.02354	   20.11	1.748E+5	   0.059	        	        	        	        	        	        	        	        	        	        	        	        	        	        	        	        	        
     127	  -3.000	   3.000	  0.0110	0.044455	 0.05961	 0.03724	0.041792	  0.0088	0.061856	 0.00637	 0.03466	-0.01928	   20.16	1.752E+5	   0.059	        	        	        	        	        	        	        	        	        	        	        	        	        	        	        	        	        
     128	  -3.000	   0.005	 -0.0518	0.040855	 0.01037	 0.05052	0.038086	 -0.0539	0.010374	-0.00021	 0.06347	 0.00012	   20.04	1.741E+5	   0.059	        	        	        	        	        	        	        	        	        	        	        	        	        	        	        	        	        
     129	  -3.000	  -4.000	  0.0103	0.045372	-0.09382	 0.06116	0.039202	  0.0083	-0.096760	-0.01076	 0.05847	 0.02995	   20.14	1.750E+5	   0.059	        	        	        	        	        	        	        	        	        	        	        	        	        	        	        	        	        
