  Run_nr	   Alpha	    Beta	      CL	      CD	    Cyaw	 Cm_p_qc	      Ct	      Cn	   Cside	 Cm_roll	Cm_pitch	  Cm_yaw	       V	      Re	       M
       /	 degrees	 degrees	       /	       /	       /	       /	       /	       /	       /	       /	       /	       /	     m/s	       /	       /
     171	   1.995	   1.995	  0.4370	0.044318	 0.02005	 0.01709	0.028352	  0.4382	0.021585	 0.00034	-0.09264	-0.00432	   20.05	1.744E+5	   0.059	        	        	        	        	        	        	        	        	        	        	        	        	        	        	        	        	        
     172	   1.995	   1.995	  0.4337	0.034861	 0.02840	 0.01130	0.018730	  0.4346	0.029599	 0.00194	-0.09747	-0.00360	   40.25	3.493E+5	   0.118	        	        	        	        	        	        	        	        	        	        	        	        	        	        	        	        	        
     173	   1.995	   1.995	  0.4398	0.004920	 0.02573	-0.01679	-0.011294	  0.4396	0.025887	 0.00236	-0.12653	 0.00154	   40.23	3.488E+5	   0.118	        	        	        	        	        	        	        	        	        	        	        	        	        	        	        	        	        
     174	   1.995	   1.995	  0.4398	0.016581	 0.01975	-0.01116	0.000559	  0.4401	0.020314	 0.00133	-0.12108	 0.00008	   20.09	1.745E+5	   0.059	        	        	        	        	        	        	        	        	        	        	        	        	        	        	        	        	        
     175	   1.995	   1.995	  0.4378	0.016249	 0.00720	-0.00178	0.000736	  0.4381	0.007761	-0.00324	-0.11129	 0.00827	   20.09	1.747E+5	   0.059	        	        	        	        	        	        	        	        	        	        	        	        	        	        	        	        	        
     176	   1.995	   1.995	  0.4376	0.006100	 0.00946	-0.01013	-0.009473	  0.4376	0.009662	-0.00174	-0.11941	 0.00838	   40.18	3.486E+5	   0.118	        	        	        	        	        	        	        	        	        	        	        	        	        	        	        	        	        
     177	   1.995	   1.995	  0.4305	0.036250	 0.01275	 0.01978	0.020773	  0.4315	0.014007	-0.00217	-0.08830	 0.00305	   40.22	3.486E+5	   0.118	        	        	        	        	        	        	        	        	        	        	        	        	        	        	        	        	        
     178	   1.995	   1.995	  0.4304	0.046025	 0.00316	 0.02545	0.030872	  0.4318	0.004758	-0.00421	-0.08276	 0.00261	   20.12	1.747E+5	   0.059	        	        	        	        	        	        	        	        	        	        	        	        	        	        	        	        	        
     179	   1.995	   1.995	  0.4312	0.047177	-0.01625	 0.03252	0.032673	  0.4326	-0.014598	-0.00873	-0.07596	 0.01071	   20.13	1.749E+5	   0.059	        	        	        	        	        	        	        	        	        	        	        	        	        	        	        	        	        
     180	   1.995	   1.995	  0.4279	0.039577	-0.00367	 0.03076	0.024757	  0.4290	-0.002292	-0.00556	-0.07682	 0.00897	   40.21	3.489E+5	   0.118	        	        	        	        	        	        	        	        	        	        	        	        	        	        	        	        	        
     181	   1.995	   1.995	  0.4336	0.010307	-0.00064	 0.00450	-0.004781	  0.4337	-0.000278	-0.00397	-0.10397	 0.01274	   40.23	3.486E+5	   0.118	        	        	        	        	        	        	        	        	        	        	        	        	        	        	        	        	        
     182	   1.995	   1.995	  0.4346	0.020342	-0.01094	 0.00526	0.005566	  0.4350	-0.010221	-0.00629	-0.10355	 0.01263	   20.11	1.745E+5	   0.059	        	        	        	        	        	        	        	        	        	        	        	        	        	        	        	        	        
