  Run_nr	   Alpha	    Beta	      CL	      CD	    Cyaw	 Cm_p_qc	      Ct	      Cn	   Cside	 Cm_roll	Cm_pitch	  Cm_yaw	       V	      Re	       M
       /	 degrees	 degrees	       /	       /	       /	       /	       /	       /	       /	       /	       /	       /	     m/s	       /	       /
     155	   1.995	   1.995	  0.4389	0.016653	 0.03988	-0.00544	-0.000038	  0.4392	0.040434	 0.00602	-0.11519	-0.00861	   20.10	1.748E+5	   0.059	        	        	        	        	        	        	        	        	        	        	        	        	        	        	        	        	        
     156	   1.995	   1.995	  0.4359	0.005449	 0.04703	-0.00573	-0.011370	  0.4357	0.047186	 0.00749	-0.11461	-0.00720	   40.25	3.495E+5	   0.118	        	        	        	        	        	        	        	        	        	        	        	        	        	        	        	        	        
     157	   1.995	   1.995	  0.4297	0.035162	 0.05003	 0.02075	0.018419	  0.4306	0.051220	 0.00712	-0.08711	-0.01243	   40.20	3.488E+5	   0.118	        	        	        	        	        	        	        	        	        	        	        	        	        	        	        	        	        
     158	   1.995	   1.995	  0.4303	0.044590	 0.04455	 0.02359	0.028004	  0.4315	0.046075	 0.00524	-0.08453	-0.01312	   20.11	1.747E+5	   0.059	        	        	        	        	        	        	        	        	        	        	        	        	        	        	        	        	        
     159	   1.995	   1.995	  0.4362	0.045023	 0.05494	 0.01709	0.027870	  0.4374	0.056477	 0.00955	-0.09244	-0.01896	   20.12	1.750E+5	   0.059	        	        	        	        	        	        	        	        	        	        	        	        	        	        	        	        	        
     160	   1.995	   1.995	  0.4346	0.035629	 0.06302	 0.00697	0.018261	  0.4355	0.064219	 0.01080	-0.10198	-0.01805	   40.20	3.491E+5	   0.118	        	        	        	        	        	        	        	        	        	        	        	        	        	        	        	        	        
     161	   1.995	   1.995	  0.4406	0.005734	 0.05931	-0.02017	-0.011677	  0.4405	0.059470	 0.01098	-0.13007	-0.01248	   40.17	3.484E+5	   0.118	        	        	        	        	        	        	        	        	        	        	        	        	        	        	        	        	        
     162	   1.995	   1.995	  0.4395	0.017189	 0.05333	-0.01242	0.000011	  0.4397	0.053900	 0.00964	-0.12222	-0.01389	   20.10	1.746E+5	   0.059	        	        	        	        	        	        	        	        	        	        	        	        	        	        	        	        	        
     163	   1.995	   1.995	  0.4393	0.019072	 0.06973	-0.01128	0.001328	  0.4396	0.070350	 0.01436	-0.12107	-0.02127	   20.11	1.750E+5	   0.059	        	        	        	        	        	        	        	        	        	        	        	        	        	        	        	        	        
     164	   1.995	   1.995	  0.4397	0.007288	 0.07632	-0.01685	-0.010684	  0.4395	0.076531	 0.01528	-0.12656	-0.01960	   40.22	3.492E+5	   0.118	        	        	        	        	        	        	        	        	        	        	        	        	        	        	        	        	        
     165	   1.995	   1.995	  0.4333	0.037047	 0.07996	 0.01059	0.019135	  0.4342	0.081201	 0.01489	-0.09807	-0.02505	   40.17	3.484E+5	   0.118	        	        	        	        	        	        	        	        	        	        	        	        	        	        	        	        	        
     166	   1.995	   1.995	  0.4330	0.047212	 0.07198	 0.01809	0.029574	  0.4343	0.073581	 0.01380	-0.09067	-0.02639	   20.13	1.748E+5	   0.059	        	        	        	        	        	        	        	        	        	        	        	        	        	        	        	        	        
     167	   1.995	   1.995	  0.4349	0.050221	 0.08543	 0.02485	0.032045	  0.4363	0.087131	 0.01692	-0.08448	-0.03178	   20.13	1.751E+5	   0.059	        	        	        	        	        	        	        	        	        	        	        	        	        	        	        	        	        
     168	   1.995	   1.995	  0.4262	0.040390	 0.08936	 0.03305	0.022394	  0.4272	0.090715	 0.01735	-0.07409	-0.02913	   40.18	3.486E+5	   0.118	        	        	        	        	        	        	        	        	        	        	        	        	        	        	        	        	        
     169	   1.995	   1.995	  0.4308	0.010984	 0.08407	 0.01107	-0.006953	  0.4308	0.084402	 0.01713	-0.09674	-0.02301	   40.23	3.487E+5	   0.118	        	        	        	        	        	        	        	        	        	        	        	        	        	        	        	        	        
     170	   1.995	   1.995	  0.4327	0.022733	 0.07875	 0.00811	0.004899	  0.4332	0.079497	 0.01636	-0.10027	-0.02523	   20.15	1.749E+5	   0.059	        	        	        	        	        	        	        	        	        	        	        	        	        	        	        	        	        
