  Run_nr	   Alpha	    Beta	      CL	      CD	    Cyaw	 Cm_p_qc	      Ct	      Cn	   Cside	 Cm_roll	Cm_pitch	  Cm_yaw	      Cx	      Cy	      Cz	    Cm_x	    Cm_y	    Cm_z	      Fx	      Fy	      Fz	      Mx	      My	      Mz	     DPb	    Pbar	       T	     Rho	       Q	       V	      Re	       M
       /	 degrees	 degrees	       /	       /	       /	       /	       /	       /	       /	       /	       /	       /	       /	       /	       /	       /	       /	       /	       N	       N	       N	      Nm	      Nm	      Nm	      Pa	      Pa	 degr. C	  kg/m^3	      Pa	     m/s	       /	       /
     130	   9.995	  10.000	  1.2715	0.104120	 0.11440	 0.12076	-0.139276	  1.2665	0.130747	 0.03161	-0.19588	-0.01855	0.082672	-0.130747	1.271483	 0.00652	-0.20933	-0.02441	    4.97	   -7.28	   71.25	    0.51	   -1.83	   -1.90	  103.36	 1002.90	   14.94	   1.213	   241.1	   19.94	1.733E+5	   0.059
     131	   9.995	   7.000	  1.2372	0.094939	 0.05856	 0.12185	-0.128975	  1.2336	0.069692	 0.02240	-0.18654	-0.00797	0.087095	-0.069692	1.237233	 0.00928	-0.20071	-0.01204	    5.29	   -3.94	   70.37	    0.73	   -1.78	   -0.95	  104.89	 1002.92	   14.91	   1.213	   244.7	   20.09	1.746E+5	   0.059
     132	   9.995	   3.000	  1.2118	0.078741	 0.05564	 0.16776	-0.135759	  1.2065	0.059680	 0.01012	-0.13387	-0.01144	0.075721	-0.059680	1.211787	-0.00180	-0.14619	-0.01340	    4.62	   -3.35	   68.53	   -0.14	   -1.26	   -1.05	  104.28	 1002.90	   14.88	   1.213	   243.3	   20.03	1.741E+5	   0.059
     133	   9.995	   0.005	  1.1535	0.075381	 0.00341	 0.16830	-0.125976	  1.1491	0.003414	 0.00274	-0.11896	 0.00421	0.075380	-0.003414	1.153487	 0.00289	-0.13123	 0.00379	    4.58	   -0.19	   64.97	    0.23	   -1.12	    0.30	  103.82	 1002.89	   14.86	   1.213	   242.2	   19.98	1.737E+5	   0.059
     134	   9.995	  -4.000	  1.2155	0.088276	-0.03915	 0.15691	-0.126948	  1.2119	-0.045209	-0.00683	-0.14606	 0.01467	0.085330	0.045209	1.215543	 0.00326	-0.15995	 0.01610	    5.16	    2.54	   68.66	    0.26	   -1.39	    1.27	  104.16	 1002.81	   14.85	   1.213	   243.0	   20.02	1.740E+5	   0.059
     135	   6.005	  -4.000	  0.9500	0.042890	-0.05067	 0.11214	-0.060345	  0.9489	-0.053542	-0.00637	-0.12508	 0.01857	0.039251	0.053542	0.950018	 0.00434	-0.13147	 0.01935	    2.63	    3.02	   54.20	    0.34	   -1.13	    1.53	  104.54	 1002.82	   14.82	   1.213	   243.9	   20.05	1.744E+5	   0.059
     136	   6.005	  -0.005	  0.9371	0.035493	 0.00747	 0.12021	-0.062729	  0.9357	0.007463	 0.00198	-0.11370	 0.00318	0.035494	-0.007463	0.937091	 0.00109	-0.11948	 0.00299	    2.41	   -0.42	   53.43	    0.09	   -1.02	    0.24	  104.46	 1002.75	   14.82	   1.213	   243.7	   20.04	1.743E+5	   0.059
     137	   6.005	   3.000	  0.9431	0.037721	 0.06458	 0.10801	-0.064560	  0.9416	0.066467	 0.00921	-0.12738	-0.01461	0.034289	-0.066467	0.943149	-0.00320	-0.13296	-0.01566	    2.35	   -3.74	   53.78	   -0.25	   -1.15	   -1.23	  104.47	 1002.82	   14.80	   1.213	   243.7	   20.04	1.743E+5	   0.059
     138	   6.005	   7.000	  0.9650	0.053195	 0.07235	 0.06590	-0.057211	  0.9643	0.078291	 0.02180	-0.17518	-0.01130	0.043981	-0.078291	0.965036	 0.00775	-0.18234	-0.01366	    2.89	   -4.40	   54.96	    0.61	   -1.60	   -1.08	  104.37	 1002.84	   14.80	   1.213	   243.5	   20.03	1.742E+5	   0.059
     139	   6.005	  10.000	  0.9713	0.064480	 0.12987	 0.04787	-0.060881	  0.9702	0.139097	 0.03052	-0.19469	-0.02260	0.040948	-0.139097	0.971280	 0.00533	-0.20135	-0.02594	    2.72	   -7.84	   55.40	    0.42	   -1.78	   -2.05	  104.54	 1002.74	   14.80	   1.213	   243.9	   20.05	1.744E+5	   0.059
     140	   3.000	  10.000	  0.6800	0.051876	 0.13568	-0.04268	-0.008103	  0.6805	0.142629	 0.03071	-0.21281	-0.02625	0.027527	-0.142629	0.680032	 0.00609	-0.21729	-0.02789	    1.99	   -8.04	   38.96	    0.48	   -1.90	   -2.20	  104.60	 1002.73	   14.79	   1.213	   244.0	   20.06	1.744E+5	   0.059
     141	   3.000	   7.000	  0.6652	0.039799	 0.06937	-0.00382	-0.003809	  0.6659	0.073700	 0.02019	-0.17029	-0.01147	0.031048	-0.073700	0.665180	 0.00757	-0.17534	-0.01254	    2.20	   -4.16	   38.17	    0.60	   -1.51	   -0.99	  104.73	 1002.72	   14.78	   1.213	   244.3	   20.07	1.745E+5	   0.059
     142	   3.000	   3.000	  0.6433	0.022475	 0.05992	 0.03419	-0.014387	  0.6434	0.061012	 0.00790	-0.12666	-0.01415	0.019309	-0.061012	0.643293	-0.00278	-0.12980	-0.01458	    1.53	   -3.44	   36.88	   -0.22	   -1.09	   -1.15	  104.56	 1002.73	   14.78	   1.213	   243.9	   20.05	1.744E+5	   0.059
     143	   3.000	   0.005	  0.5807	0.019648	 0.00843	 0.04797	-0.010772	  0.5809	0.008428	 0.00157	-0.09726	 0.00338	0.019648	-0.008428	0.580694	 0.00037	-0.10046	 0.00330	    1.54	   -0.47	   33.18	    0.03	   -0.81	    0.26	  104.02	 1002.65	   14.75	   1.213	   242.7	   20.00	1.740E+5	   0.059
     144	   3.000	  -4.000	  0.6431	0.028297	-0.05556	 0.04528	-0.009341	  0.6435	-0.057398	-0.00617	-0.11560	 0.02045	0.024352	0.057398	0.643117	 0.00425	-0.11956	 0.02080	    1.81	    3.23	   36.82	    0.33	   -0.99	    1.64	  104.42	 1002.70	   14.74	   1.213	   243.6	   20.04	1.743E+5	   0.059
     145	   0.000	  -4.000	  0.3359	0.020572	-0.06760	-0.00220	0.015805	  0.3359	-0.068874	-0.00782	-0.08618	 0.02514	0.015806	0.068874	0.335915	 0.00339	-0.08875	 0.02514	    1.38	    3.85	   19.29	    0.27	   -0.67	    1.97	  103.83	 1002.67	   14.74	   1.213	   242.2	   19.98	1.738E+5	   0.059
     146	   0.000	  -0.005	  0.3260	0.012874	 0.00924	 0.00694	0.012874	  0.3260	0.009239	 0.00083	-0.07457	 0.00465	0.012875	-0.009239	0.326033	-0.00068	-0.07667	 0.00465	    1.22	   -0.52	   18.75	   -0.05	   -0.56	    0.36	  103.92	 1002.71	   14.74	   1.213	   242.4	   19.99	1.739E+5	   0.059
     147	   0.000	   3.000	  0.3329	0.014097	 0.06294	-0.00196	0.010782	  0.3329	0.063588	 0.00742	-0.08518	-0.01572	0.010783	-0.063588	0.332874	-0.00292	-0.08694	-0.01572	    1.10	   -3.57	   19.18	   -0.23	   -0.66	   -1.24	  104.19	 1002.70	   14.74	   1.213	   243.1	   20.02	1.741E+5	   0.059
     148	   0.000	   7.000	  0.3595	0.028181	 0.12428	-0.02493	0.012824	  0.3595	0.126789	 0.01590	-0.11482	-0.02982	0.012825	-0.126789	0.359535	-0.00473	-0.11690	-0.02982	    1.21	   -7.08	   20.57	   -0.37	   -0.93	   -2.33	  103.61	 1002.74	   14.74	   1.213	   241.7	   19.96	1.736E+5	   0.059
     149	   0.000	  10.000	  0.3736	0.045674	 0.14524	-0.07507	0.019758	  0.3736	0.150964	 0.03039	-0.16846	-0.03097	0.019759	-0.150964	0.373583	 0.00583	-0.17168	-0.03097	    1.60	   -8.44	   21.37	    0.46	   -1.44	   -2.42	  103.69	 1002.73	   14.74	   1.213	   241.9	   19.97	1.737E+5	   0.059
     150	  -3.000	  10.000	  0.0534	0.048711	 0.15302	-0.03212	0.024166	  0.0522	0.159151	 0.02966	-0.04517	-0.03433	0.021400	-0.159151	0.053415	 0.00552	-0.04866	-0.03282	    1.75	   -8.92	    3.33	    0.43	   -0.28	   -2.58	  104.00	 1002.72	   14.74	   1.213	   242.6	   20.00	1.740E+5	   0.059
     151	  -3.000	   7.000	  0.0369	0.035161	 0.08443	-0.01172	0.026506	  0.0355	0.088084	 0.02070	-0.02060	-0.01870	0.024610	-0.088084	0.036872	 0.00732	-0.02460	-0.01764	    1.93	   -4.94	    2.41	    0.58	   -0.05	   -1.39	  104.16	 1002.71	   14.74	   1.213	   243.0	   20.01	1.741E+5	   0.059
     152	  -3.000	   3.000	  0.0137	0.015923	 0.06728	 0.01878	0.013078	  0.0130	0.068017	 0.00670	 0.01553	-0.01720	0.012380	-0.068017	0.013656	-0.00347	 0.01352	-0.01687	    1.25	   -3.85	    1.12	   -0.28	    0.30	   -1.34	  105.07	 1002.68	   14.74	   1.213	   245.1	   20.10	1.748E+5	   0.059
     153	  -3.000	   0.005	 -0.0487	0.013795	 0.00644	 0.02773	0.011227	 -0.0494	0.006438	-0.00003	 0.04007	 0.00540	0.013795	-0.006438	-0.048698	-0.00136	 0.03782	 0.00540	    1.32	   -0.36	   -2.39	   -0.11	    0.52	    0.42	  103.98	 1002.72	   14.74	   1.213	   242.6	   20.00	1.739E+5	   0.059
     154	  -3.000	  -4.000	  0.0159	0.021810	-0.07681	 0.02864	0.017211	  0.0151	-0.078141	-0.00924	 0.02487	 0.02801	0.016399	0.078141	0.015947	 0.00202	 0.02221	 0.02757	    1.47	    4.38	    1.23	    0.16	    0.38	    2.16	  104.02	 1002.69	   14.74	   1.213	   242.7	   20.00	1.740E+5	   0.059
